1.0, 1.0
1.009899, 0.989901
1.0196960301990001, 0.9797040297990001
1.0293901211899403, 0.9694101187900603
1.038980313955603, 0.9590203059564031
1.0484656599634656, 0.9485356397665654
1.057845221259495, 0.937957178068614
1.0671180705608772, 0.9272859879834334
1.0762832913476674, 0.9165231457970968
1.085339977953358, 0.9056697368523318
1.094287235654349, 0.8947268554390909
1.103124180758319, 0.8836956046842391
1.1118499406914808, 0.8725770964403683
1.1204636540847188, 0.8613724511737502
1.1289644708585966, 0.8500827978514397
1.1373515523072273, 0.8387092738275395
1.1456240711809982, 0.8272530247286367
1.1537812117681416, 0.815715204338425
1.1618221699751448, 0.8040969744815215
1.169746153405988, 0.7923995049064919
1.1775523814402076, 0.7806239731680948
1.1852400853097713, 0.7687715645087574
1.1928085081747635, 0.7568434717392941
1.200256905197867, 0.7448408951188807
1.207584543617641, 0.7327650422342954
1.2147907028205798, 0.7206171278784391
1.2218746744119542, 0.7083983739281483
1.2288357622854205, 0.6961100092213104
1.2356732826913959, 0.6837532694332963
1.2423865643041903, 0.6713293969527216
1.24897494828789, 0.6588396407565488
1.255437788360986, 0.6462852562845425
1.261774450859739, 0.6336675053130926
1.2679843148002787, 0.6209876558284148
1.274066771939427, 0.608246981899144
1.2800212268342426, 0.5954467635483317
1.2858470969002789, 0.5825882866248613
1.2915438124685508, 0.5696728426742929
1.2971108168412042, 0.5567017288091524
1.3025475663458828, 0.5436762475786763
1.3078535303887873, 0.5305977068380259
1.313028191506422, 0.5174674196169846
1.3180710454160216, 0.5042867039881502
1.3229816010646576, 0.4910568829346366
1.3277593806770145, 0.47777928421729765
1.3324039198018356, 0.46445524024148643
1.33691476735703, 0.45108608792336374
1.3412914856734401, 0.4376731685557685
1.345533650537262, 0.42421782767366417
1.349640851231117, 0.41072141491917474
1.3536126905737709, 0.3971852839062229
1.3574487849584917, 0.3836107920847851
1.3611487643900517, 0.36999930060477665
1.36471227252036, 0.35635217417958004
1.3681389666827295, 0.342670780949231
1.3714285179247725, 0.32895649234327545
1.3745806110399204, 0.31521068294331134
1.3775949445975666, 0.30143473034522883
1.3804712309718288, 0.28763001502116325
1.3832091963689281, 0.2737979201811738
1.3858085808531828, 0.2599398316346628
1.3882691383716126, 0.24605713765154832
1.3905906367771532, 0.2321512288232054
1.3927728578504788, 0.21822349792318835
1.3948155973204277, 0.2042753397677491
1.3967186648830334, 0.19030815107616536
1.3984818842191558, 0.1763233303308923
1.4001050930107124, 0.16232227763755186
1.4015881429555093, 0.148306394584774
1.4029308997806669, 0.13427708410390338
1.4041332432546438, 0.1202357503285861
1.405195067197854, 0.10618379845425006
1.4061162794918782, 0.0921226345974933
1.4068968020872694, 0.07805366565539426
1.407536571009949, 0.06397829916475811
1.4080355363661965, 0.04989794316131316
1.4083936623462299, 0.03581400603887143
1.4086109272263778, 0.02172789640846759
1.4086873233698434, 0.00764102295749019
1.4086228572260584, -0.006445205691180624
1.4084175493286297, -0.020529381120014865
1.4080714342918779, -0.034610095257639834
1.4075845608059676, -0.048685940519598556
1.4069569916306315, -0.06275550994904547
1.4061888035874879, -0.07681739735736524
1.4052800875509528, -0.09087019746470079
1.4042309484377482, -0.1049125060403763
1.4030415051950067, -0.11894292004320131
1.4017118907869752, -0.13296003776164186
1.400242252180318, -0.14696245895384466
1.3986327503280205, -0.16094878498750026
1.3968835601518976, -0.1749176189795314
1.394994870523706, -0.18886756593559226
1.3929668842448637, -0.20279723288936524
1.3907998180247785, -0.2167052290416407
1.3884939024577887, -0.23059016589916628
1.3860493819987172, -0.24445065741325178
1.3834665149370422, -0.2582853201181156
1.3807455733696874, -0.2720927732689593
1.377886843172434, -0.2858716389797559
1.3748906239699583, -0.2996205423607391
1.3717572291044964, -0.3133381116555786
1.3684869856031419, -0.3270229783782289
1.3650802341437775, -0.3406737774494369
1.3615373290196462, -0.35428914733289557
1.3578586381025626, -0.36786773017102975
1.3540445428047723, -0.38140817192040016
1.3500954380394596, -0.39490912248671306
1.346011732179911, -0.4083692358594209
1.3417938470173347, -0.4217871702459019
1.3374422177173442, -0.4351615882052036
1.3329572927751085, -0.44849115678133883
1.3283395339691744, -0.461774547636119
1.3235894163139639, -0.4750104371815132
1.3187074280109545, -0.4881975067115184
1.313694070398545, -0.5013344425335288
1.3085498579006123, -0.5144199360991905
1.3032753179737664, -0.5274526841347288
1.297870991053306, -0.540431388770735
1.292337430497882, -0.5533547576714
1.286675202532876, -0.5662215041631812
1.280884886192495, -0.579030347362891
1.2749670732605942, -0.5917800123051935
1.2689223682102286, -0.6044692300694957
1.2627513881419428, -0.6170967379062229
1.2564547627208043, -0.6296612793624635
1.2500331341121869, -0.6421616044069726
1.2434871569163104, -0.6545964695545197
1.2368174981015432, -0.6669646379895704
1.2300248369364752, -0.6792648796892887
1.2231098649207683, -0.6914959715458476
1.2160732857147893, -0.7036566974880358
1.208915815068035, -0.7157458486021492
1.2016381807463554, -0.7277622232521542
1.1942411224579825, -0.7397046271991118
1.1867253917783729, -0.7515718737198492
1.1790917520738702, -0.7633627837248692
1.171340978424198, -0.7750761858754833
1.1634738575437866, -0.7867109167001594
1.1554911877019474, -0.7982658207100697
1.1473937786418973, -0.8097397505138304
1.1391824514986453, -0.8211315669314193
1.130858038715748, -0.8324401391072611
1.122421383960943, -0.8436643446224692
1.1138733420406668, -0.8548030696062324
1.10521477881347, -0.8658552088463364
1.0964465711023341, -0.8768196658988077
1.0875696066059017, -0.88769535319667
1.0785847838086275, -0.8984811921578028
1.069493011889861, -0.9091761132918894
1.0602952106318664, -0.919779056306447
1.050992310326795, -0.9302889702119244
1.0415852516826134, -0.9407048134258608
1.032074985728, -0.9510255538760927
1.0224624737162202, -0.9612501691029993
1.0127486870279878, -0.9713776463607775
1.0029346070733236, -0.9814069827177343
0.9930212251924216, -0.9913371851555887
0.9830095425555316, -1.0011672706677721
0.972900570061869, -1.010896266356718
0.962695328237562, -1.020523209530131
0.9523948471326464, -1.0300471477962254
0.9420001662171187, -1.039467139157925
0.9315123342760568, -1.0487822521060144
0.9209324093038211, -1.05799156571123
0.9102614583973442, -1.0670941697152878
0.8995005576485213, -1.0760891646208313
0.8886507920357127, -1.0849756617802968
0.877713255314368, -1.0937527834836838
0.8666890499067832, -1.1024196630452237
0.8555792867910034, -1.110975444888937
0.8443850853888798, -1.1194192846330715
0.8331075734532948, -1.1277503491734115
0.8217478869545645, -1.1359678167654537
0.8103071699660312, -1.1440708771054358
0.7987865745488574, -1.1520587314102155
0.7871872606360317, -1.1599305924959886
0.7755103959156008, -1.1676856848558388
0.7637571557131357, -1.1753232447361133
0.751928722873448, -1.1828425202116153
0.7400262876415648, -1.1902427712596058
0.7280510475429758, -1.1975232698326077
0.7160042072631653, -1.2046832999300066
0.7038869785264388, -1.211722157668438
0.6917005799740594, -1.2186391513509571
0.6794462370417038, -1.2254336015349827
0.6671251818362514, -1.2321048410990092
0.6547386530119187, -1.23865221530808
0.6422878956457521, -1.2450750818780152
0.6297741611124892, -1.2513728110383893
0.6171987069588051, -1.2575447855942492
0.6045627967769523, -1.2635904009865708
0.59186770007781, -1.269509065351445
0.5791146921633531, -1.2753001995779878
0.5663050539985565, -1.2809632373649713
0.5534400720827443, -1.2864976252761664
0.5405210383203995, -1.291902822794394
0.5275492498914464, -1.2971783023742802
0.5145260091210168, -1.3023235494937073
0.5014526233487171, -1.307338062703959
0.48833040479740536, -1.3122213536785525
0.4751606704414938, -1.3169729472607539
0.46194474187478934, -1.3215923815097723
0.4486839451778857, -1.3260792077456274
0.4353796107851194, -1.3304329905926864
0.4220330733511046, -1.3346533080218674
0.4086456716168589, -1.338739751391503
0.39521874827553355, -1.3426919254868608
0.3817536498377629, -1.346509448558319
0.3682517264966445, -1.3501919523581911
0.3547143319923653, -1.3537390821761952
0.3411428234764863, -1.3571504968735693
0.3275385613758998, -1.3604258689158233
0.3139029092564729, -1.3635648844041293
0.3002372336863904, -1.3665672431053444
0.2865429040992114, -1.369432658480664
0.27282129265665334, -1.3721608577129039
0.2590737741111163, -1.3747515817324065
0.24530172566796288, -1.3772045852415704
0.23150652684756562, -1.3795196367380003
0.2176895593471376, -1.3816965185362753
0.20385220690235867, -1.3837350267883337
0.18999585514881187, -1.3856349715024716
0.17612189148324378, -1.3873961765609544
0.16223170492466246, -1.3890184797362393
0.14832668597528734, -1.3905017327058073
0.13440822648136444, -1.3918458010656036
0.12047771949386134, -1.3930505643420843
0.10653655912905545, -1.394115916002869
0.09258614042902985, -1.3950417634660002
0.07862785922209041, -1.3958280281078035
0.06466311198311828, -1.3964746452693544
0.05069329569387169, -1.3969815642615466
0.036719807703251096, -1.3973487483687634
0.022744045587541506, -1.3975761748511513
0.008767407010646091, -1.397663834945496
-0.005208710415674989, -1.397611733864701
-0.019182909271546568, -1.3974198907958681
-0.0331537924686873, -1.3970883388969824
-0.04711996339007136, -1.3966171252921982
-0.06108002602952904, -1.3960063110657317
-0.07503258513127234, -1.395255971254356
-0.08897624632933152, -1.3943661948385029
-0.10290961628688877, -1.3933370847319722
-0.11683130283549507, -1.3921687577702464
-0.13073991511415622, -1.3908613446974172
-0.14463406370827428, -1.389414990151721
-0.1585123607884305, -1.3878298526496868
-0.17237342024899588, -1.3861061045688983
-0.1862158578465554, -1.3842439321293716
-0.20003829133813233, -1.382243535373551
-0.21383934061919865, -1.3801051281449237
-0.22761762786145784, -1.3778289380652577
-0.2413717776503862, -1.3754152065104646
-0.2551004171225193, -1.3728641885850874
-0.2688021761024693, -1.3701761530954208
-0.28247568723966016, -1.3673513825212626
-0.2961195861447663, -1.364390172986301
-0.30973251152584186, -1.3612928342271409
-0.32331310532412644, -1.3580596895609713
-0.33686001284951417, -1.3546910758518793
-0.3503718829156722, -1.351187343475812
-0.3638473679747952, -1.3475488562841906
-0.37728512425198335, -1.3437759915661822
-0.3906838118792284, -1.33986914000963
-0.4040420950289968, -1.3358287056606488
-0.4173586420473947, -1.3316551058818877
-0.43063212558690295, -1.3273487713094676
-0.4438612227386676, -1.3229101458085932
-0.45704461516433387, -1.3183396864278485
-0.4701809892274095, -1.3136378633521775
-0.4832690361241452, -1.3088051598545574
-0.49630745201391846, -1.3038420722463666
-0.5092949381491085, -1.2987491098264548
-0.5222302010044484, -1.293526794828919
-0.5351119524058423, -1.2881756623695928
-0.5479389096586352, -1.2826962603912497
-0.5607097956753214, -1.2770891496075338
-0.5734233391026796, -1.2713549034456155
-0.5860782744483221, -1.2654941079875832
-0.598673342206645, -1.2595073619105757
-0.6112072889841682, -1.2533952764256604
-0.62367886762425, -1.2471584752154652
-0.636086837331167, -1.2407975943705687
-0.6484299637935452, -1.2343132823246572
-0.6607070193071302, -1.227706199788453
-0.6729167828968842, -1.2209770196824223
-0.685058040438399, -1.2141264270682681
-0.6971295847786108, -1.2071551190792178
-0.709130215855806, -1.2000638048491086
-0.7210587408189068, -1.1928532054402814
-0.7329139741460222, -1.1855240537702891
-0.7446947377622567, -1.178077094537426
-0.7563998611567602, -1.1705130841450875
-0.7680281814990112, -1.1628327906249665
-0.7795785437543203, -1.1550369935590954
-0.7910498007985423, -1.14712648400074
-0.8024408135319858, -1.1391020643941554
-0.8137504509925098, -1.1309645484932096
-0.8249775904677941, -1.1227147612788861
-0.8361211176067749, -1.1143535388756707
-0.847179926530232, -1.105881728466833
-0.8581529199405188, -1.0973001882086104
-0.8690390092304227, -1.0886097871433043
-0.8798371145911456, -1.079811405111295
-0.8905461651193943, -1.070905932661987
-0.9011650989235696, -1.061894270963692
-0.9116928632290432, -1.052777331712459
-0.9221284144825131, -1.0435560370398604
-0.9324707184554265, -1.0342313194197459
-0.942718750346459, -1.024804121573968
-0.9528714948830425, -1.0152753963770964
-0.9629279464219287, -1.0056461067601232
-0.972887109048781, -0.9959172256131743
-0.9827479966767823, -0.9860897356872342
-0.9925096331442512, -0.9761646294948944
-1.0021710523112561, -0.9661429092101355
-1.0117312981552171, -0.9560255865671542
-1.0211894248654865, -0.9458136827582435
-1.0305444969368995, -0.9355082283307377
-1.039795589262285, -0.9251102630830326
-1.048941787223926, -0.9146208359596907
-1.0579821867839645, -0.9040410049456427
-1.0669158945737376, -0.8933718369594952
-1.0757420279820382, -0.8826144077459565
-1.084459715242292, -0.8717698017673895
-1.0930680955186398, -0.860839112094505
-1.1015663189909208, -0.8498234402962047
-1.1099535469385435, -0.8387238963285849
-1.1182289518232391, -0.8275415984231136
-1.1263917173706894, -0.8162776729739907
-1.1344410386510193, -0.8049332544247038
-1.1423761221581468, -0.7935094851537897
-1.1501961858879837, -0.782007515359815
-1.1579004594154776, -0.7704285029455851
-1.165488183970489, -0.7587736134015951
-1.1729586125124944, -0.747044019688734
-1.1803110098041107, -0.7352409021202527
-1.1875446524834308, -0.7233654482430094
-1.1946588291351643, -0.7114188527180033
-1.2016528403605782, -0.699402317200209
-1.208525998846227, -0.6873170502177235
-1.2152776294314693, -0.6751642670502382
-1.2219070691747616, -0.662945189606848
-1.228413667418723, -0.6506610463032089
-1.2347967858539668, -0.6383130719380588
-1.2410557985816901, -0.6259025075691111
-1.2471900921750154, -0.613430600388336
-1.2531990657390808, -0.6008986035966392
-1.2590821309698697, -0.5883077762779544
-1.264838712211776, -0.5756593832727589
-1.270468246513899, -0.562954695051026
-1.2759701836850628, -0.5501949875846285
-1.2813439863475529, -0.5373815422192031
-1.286589129989568, -0.524515645545492
-1.2917051030163784, -0.5115985892701718
-1.2966914068001891, -0.498631670086184
-1.3015475557287008, -0.4856161895425803
-1.3062730772523643, -0.47255345391389475
-1.3108675119303241, -0.459444774069057
-1.3153304134750476, -0.44629146533985875
-1.3196613487956335, -0.43309484738898774
-1.3238598980397964, -0.41985624407764127
-1.3279256546345248, -0.40657698333273357
-1.3318582253254054, -0.3932583970137097
-1.335657230214613, -0.3799018207789796
-1.3393223027975605, -0.36650859395198576
-1.3428530899982067, -0.3530800593869178
-1.3462492522030167, -0.339617563334087
-1.349510463293574, -0.32612245530497563
-1.352636410677839, -0.3125960879369727
-1.355626795320053, -0.2990398168578113
-1.358481331769282, -0.2854550005497203
-1.3611997481866018, -0.27184300021330426
-1.363781786370916, -0.2582051796311651
-1.366227201783411, -0.24454290503127923
-1.3685357635706403, -0.23085754495014377
-1.3707072545862398, -0.21715047009570593
-1.372741471411268, -0.20342305321008855
-1.3746382243731745, -0.18967666893212626
-1.3763973375633896, -0.17591269365972567
-1.3780186488535369, -0.16213250541206337
-1.3795020099102668, -0.14833748369163566
-1.3808472862087084, -0.13452900934617373
-1.38205435704454, -0.12070846443043824
-1.3831231155446755, -0.10687723206790684
-1.384053468676568, -0.09303669631236883
-1.3848453372561278, -0.0791882420094406
-1.3854986559542546, -0.06533325465801562
-1.3860133733019846, -0.05147312027166323
-1.3863894516942508, -0.037609225239989524
-1.386626867392256, -0.023742956189974712
-1.3867256105244603, -0.009875699847300549
-1.386685685086181, 0.00399115710231826
-1.3865071089378063, 0.017856228151784753
-1.3861899138016227, 0.0317181271112387
-1.3857341452572574, 0.04557546824663
-1.3851398627357336, 0.05942686641823265
-1.3844071395121442, 0.07327093721908542
-1.3835360626969393, 0.08710629711334544
-1.3825267332258333, 0.1009315635745408
-1.3813792658483288, 0.11474535522370846
-1.3800937891148621, 0.12854629196740353
-1.3786704453625687, 0.1423329951355663
-1.3771093906996719, 0.15610408761923306
-1.3754107949884973, 0.16985819400807714
-1.3735748418271116, 0.1835939407277663
-1.371601728529592, 0.19730995617712282
-1.3694916661049241, 0.2110048708650725
-1.3672448792345337, 0.22467731754736914
-1.3648616062484542, 0.2383259313630805
-1.3623420991001298, 0.25194934997082247
-1.3596866233398615, 0.2655462136847276
-1.356895458086894, 0.2791151656101344
-1.3539688960001495, 0.2926548517789842
-1.3509072432476115, 0.3061639212849118
-1.3477108194743588, 0.31964102641801617
-1.3443799577692577, 0.33308482279929846
-1.3409150046303107, 0.34649396951475336
-1.3373163199286695, 0.35986712924910036
-1.3335842768713149, 0.37320296841914224
-1.3297192619624048, 0.3865001573067366
-1.3257216749632985, 0.399757370191368
-1.3215919288512588, 0.4129732854823069
-1.317330449776836, 0.4261465858503424
-1.3129376770199408, 0.4392759583590759
-1.3084140629446064, 0.4523600945957624
-1.303760072952449, 0.4653976908016859
-1.2989761854348276, 0.4783874480020573
-1.2940628917237116, 0.4913280721354199
-1.2890206960412571, 0.5042182741825517
-1.2838501154481017, 0.51705677029485
-1.2785516797903786, 0.5298422819221861
-1.2731259316454597, 0.5425735359402178
-1.2675734262664289, 0.5552492647771468
-1.2618947315252955, 0.5678682065399071
-1.2560904278549505, 0.5804291051397745
-1.2501611081898725, 0.5929307104173822
-1.24410737790559, 0.605371778267131
-1.2379298547569064, 0.6177510707609822
-1.2316291688148917, 0.6300673562716205
-1.2252059624026503, 0.6423194095949734
-1.2186608900298699, 0.6545060120720779
-1.2119946183261583, 0.6666259517102794
-1.2052078259731747, 0.6786780233037516
-1.1983012036355631, 0.690661028553327
-1.191275453890695, 0.7025737761856237
-1.1841312911572257, 0.7144150820714582
-1.1768694416224774, 0.7261837693435321
-1.1694906431686491, 0.7378786685133809
-1.161995645297867, 0.7494986175875729
-1.154385209056079, 0.7610424621831475
-1.1466601069558042, 0.7725090556422809
-1.1388211228977414, 0.7838972591461677
-1.130869052091249, 0.7952059418281076
-1.1228047009737006, 0.8064339808857851
-1.1146288871287262, 0.8175802616927326
-1.1063424392033476, 0.8286436779089634
-1.0979461968240156, 0.8396231315907668
-1.089441010511557, 0.8505175332996511
-1.0808277415950427, 0.8613258022104262
-1.072107262124581, 0.872046866218414
-1.0632804547830508, 0.8826796620457759
-1.0543482127967767, 0.893223135346947
-1.0453114398451628, 0.9036762408131672
-1.0361710499692875, 0.9140379422760977
-1.026927967479472, 0.924307212810513
-1.0175831268618318, 0.9344830348360592
-1.00813747268382, 0.9445644002180671
-0.9985919594987711, 0.9545503103674108
-0.9889475517494575, 0.9644397763394023
-0.9792052236706649, 0.9742318189317112
-0.9693659591907996, 0.9839254687813009
-0.9594307518325363, 0.9935197664603717
-0.9494006046125159, 1.0030137625712992
-0.9392765299401041, 1.0124065178405626
-0.9290595495152223, 1.0216971032116495
-0.9187506942252575, 1.0308845999369312
-0.9083510040410656, 1.039968099668496
-0.8978615279120762, 1.0489467045479357
-0.8872833236605102, 1.0578195272950737
-0.8766174578747207, 1.0665856912956255
-0.8658650058016683, 1.0752443306877852
-0.855027051238541, 1.0837945904477273
-0.8441046864235303, 1.0922356264740167
-0.8330990119257743, 1.1005666056709182
-0.8220111365344782, 1.108786706030597
-0.8108421771472248, 1.116895116714202
-0.7995932586574848, 1.1248910381318258
-0.7882655138413389, 1.1327736820213288
-0.7768600832434235, 1.1405422715260263
-0.7653781150621104, 1.1481960412712247
-0.7538207650339332, 1.1557342374396036
-0.7421891963172713, 1.163156117845434
-0.7304845793753031, 1.1704609520076257
-0.7187080918582414, 1.1776480212215985
-0.7068609184848608, 1.184716618629967
-0.6949442509233312, 1.1916660492920341
-0.6829592876713678, 1.1984956302520873
-0.6709072339357101, 1.2052046906064882
-0.6587893015109422, 1.2117925715695508
-0.6466067086576671, 1.2182586265382018
-0.6343606799800459, 1.224602221155416
-0.6220524463027148, 1.2308227333724209
-0.6096832445470938, 1.2369195535096644
-0.5972543176070959, 1.2428920843165399
-0.5847669142242541, 1.2487397410298615
-0.5722222888622741, 1.2544619514310869
-0.5596217015810284, 1.2600581559022777
-0.5469664179100034, 1.265527807480796
-0.5342577087212119, 1.2708703719127301
-0.5214968501015844, 1.2760853277050421
-0.5086851232248516, 1.2811721661764373
-0.4958238142229309, 1.2861303915069449
-0.4829142140568307, 1.2909595207862092
-0.4699576183870837, 1.295659084060485
-0.45695532744372425, 1.3002286243783314
-0.4439086458958209, 1.3046676978350034
-0.4308188827205791, 1.3089758736155321
-0.41768735107202537, 1.3131527340364937
-0.4045153681492873, 1.3171978745864592
-0.39130425506448235, 1.3211109039651252
-0.3780553367102286, 1.3248914441211184
-0.36476994162679055, 1.328539130288472
-0.3514494018688734, 1.3320536110217693
-0.33809505287207986, 1.335434548229954
-0.32470823331904136, 1.338681617208799
-0.3112902850052387, 1.3417945066720351
-0.2978425527045245, 1.3447729187811353
-0.28436638403436143, 1.3476165691737496
-0.27086312932078965, 1.3503251869907917
-0.25733414146313666, 1.3528985149021713
-0.24378077579848353, 1.355336309131171
-0.23020438996590112, 1.357638339477467
-0.21660634377046933, 1.3598043893387883
-0.20298799904709375, 1.3618342557312153
-0.18935071952413263, 1.3637277493081141
-0.1756958706868484, 1.365484694377705
-0.16202481964069704, 1.3671049289192652
-0.14833893497446923, 1.3685883045979605
-0.13463958662329678, 1.3699346867783104
-0.12092814573153812, 1.371143954536279
-0.10720598451555671, 1.3722160006699948
-0.09347447612640587, 1.373150731709099
-0.07973499451243396, 1.373948067922716
-0.06598891428182348, 1.3746079433260536
-0.052237610565078085, 1.375130305685625
-0.03848245887747101, 1.3755151165230965
-0.02472483498146882, 1.3757623511177601
-0.01096611474914419, 1.375871998507628
0.002792325975408497, 1.3758440614891538
0.016549111513641003, 1.375678556615577
0.030302866490088794, 1.3753755141938904
0.04405221596986449, 1.3749349782804365
0.05779578559609359, 1.3743570066751258
0.07153220172727856, 1.373641670914283
0.08526009157457774, 1.3727890562621203
0.09897808333898522, 1.3717992617008399
0.11268480634839803, 1.3706723999193633
0.12637889119455692, 1.3694085973006938
0.1400589698698471, 1.3680079939079093
0.15372367590394528, 1.36647074346879
0.16737164450029932, 1.3647970133590794
0.18100151267242673, 1.362986984584385
0.19461191938001876, 1.3610408517607149
0.20820150566483614, 1.358958823093658
0.22176891478638314, 1.3567411203562059
0.2353127923573462, 1.354387978865221
0.24883178647878382, 1.3518996474565534
0.262324547875054, 1.3492763884588064
0.2757897300284661, 1.3465184776657577
0.28922598931364313, 1.3436262043074365
0.30263198513158185, 1.3405998710198586
0.31600638004339626, 1.337439793813426
0.3293478399037324, 1.3341463020399906
0.3426550339938399, 1.3307197383585891
0.3559266351542881, 1.3271604586998489
0.36916131991731244, 1.323468832229071
0.3823577686387792, 1.3196452413079949
0.39551466562975396, 1.315690081455245
0.408630699287662, 1.3116037613054676
0.42170456222702657, 1.3073867025671597
0.4347349514097729, 1.3030393399791949
0.4477205682750839, 1.2985621212660505
0.4606601188687956, 1.2939555070917415
0.47355231397231906, 1.2892199710124632
0.4863958692310755, 1.2843559994279528
0.49918950528243244, 1.2793640915315685
0.5119319478831283, 1.2742447592590962
0.5246219280361717, 1.268998527236287
0.5372581821172037, 1.2636259327251296
0.5498394520003105, 1.258127525568867
0.5623644851832735, 1.2525038681357592
0.5748320349122447, 1.246755535261598
0.5872408603058341, 1.2408831141909844
0.5995897264785992, 1.2348872045173673
0.6118774046639205, 1.228768418121856
0.6241026723362545, 1.2225273791108093
0.6362643133327498, 1.216164723752208
0.6483611179742148, 1.2096811004108186
0.6603918831854252, 1.2030771694821534
0.6723554126147587, 1.196353603325234
0.6842505167531463, 1.1895110861941665
0.6960760130523265, 1.1825503141685323
0.7078307260423924, 1.1754719950826051
0.7195134874486191, 1.168276848453399
0.7311231363075598, 1.1609656054075548
0.7426585190823991, 1.1535390086070747
0.754118489777553, 1.1459978121739092
0.7655019100525022, 1.138342781613406
0.7768076493348495, 1.1305746937366297
0.7880345849325886, 1.122694336581557
0.7991816021455743, 1.1147025093331577
0.810247594376182, 1.1066000222423709
0.8212314632391459, 1.0983876965439792
0.8321321186705652, 1.0900663643733965
0.8429484790360677, 1.0816368686823723
0.8536794712381192, 1.0731000631536225
0.8643240308224684, 1.0644568121143971
0.874881102083718, 1.0557079904489919
0.8853496381700091, 1.0468544835102118
0.8957286011868107, 1.0378971870297988
0.906016962299803, 1.028837007027829
0.9162137018368443, 1.0196748597210905
0.9263178093890118, 1.0104116714304519
0.936328283910706, 1.0010483784872282
0.9462441338188087, 0.9915859271385563
0.9560643770908852, 0.9820252734517881
0.9657880413624206, 0.9723673832179112
0.9754141640230802, 0.9626132318540065
0.9849417923119861, 0.9527638043047543
0.9943699834119981, 0.9428200949429962
1.0036978045429918, 0.9327831074693653
1.0129243330541238, 0.922653854810993
1.0220486565150735, 0.9124333590193038
1.031069872806256, 0.9021226511669076
1.0399870902079933, 0.8917227712436011
1.0487994274886372, 0.881234768051487
1.0575060139916352, 0.870659699099223
1.0661059897215293, 0.8599986304954107
1.0745985054288807, 0.8492526368411356
1.0829827226941122, 0.8384228011216681
1.0912578140102585, 0.8275102145973375
1.0994229628646162, 0.8165159766935892
1.107477363819289, 0.8054411948902366
1.1154202225906145, 0.7942869846099185
1.12325075612747, 0.783054469105774
1.1309681926884458, 0.7717447793483448
1.1385717719178812, 0.7603590539117182
1.1460607449207527, 0.7488984388589202
1.153434374336411, 0.7373640876265717
1.1606919344111555, 0.7257571609088193
1.1678327110696416, 0.7140788265405512
1.1748560019851135, 0.7023302593799118
1.1817611166484547, 0.6905126411901247
1.18854737643605, 0.6786271605206378
1.195214114676452, 0.6666750125876016
1.201760676715848, 0.654657399153693
1.2081864199823142, 0.6425755284072959
1.2144907140488606, 0.630430614841052
1.2206729406952515, 0.6182238791297934
1.2267324939686006, 0.6059565480078686
1.2326687802427345, 0.5936298541458758
1.238481218276315, 0.5812450360268141
1.2441692392697195, 0.5688033378216666
1.2497322869206713, 0.5563060092644265
1.2551698174786141, 0.5437543055265803
1.2604812997978265, 0.531149487091059
1.2656662153892702, 0.5184928196256714
1.2707240584711683, 0.5057855738560315
1.2756543360183077, 0.4930290254379927
1.2804565678100603, 0.48022445482960185
1.2851302864771206, 0.4673731471625861
1.2896750375469515, 0.4544763921133851
1.2940903794879386, 0.4415354837737418
1.2983758837522434, 0.42855172052086454
1.3025311348173563, 0.4155264048871738
1.3065557302263413, 0.40246084342964633
1.3104492806267718, 0.38935634659877016
1.3142114098083502, 0.37621422860712317
1.317841754739212, 0.3630358072975888
1.3213399656009068, 0.3498224040112216
1.324705705822055, 0.336575343454777
1.327938652110677, 0.3232959535679168
1.3310384944851916, 0.30998556539010536
1.3340049363040787, 0.2966455129272089
1.3368376942942075, 0.2832771330178117
1.339536498577823, 0.26988176519926216
1.3421010926981927, 0.2564607515734626
1.344531233643906, 0.243015436672416
1.346826691871829, 0.22954716732354336
1.34898725132871, 0.2160572925147846
1.3510127094714324, 0.20254716325949734
1.3529028772859168, 0.18901813246116655
1.3546575793046676, 0.17547155477793855
1.3562766536229618, 0.1619087864869934
1.357759951913683, 0.14833118534876868
1.359107339440794, 0.1347401104710489
1.3603186950714499, 0.12113692217293329
1.36139391128675, 0.10752298184869656
1.3623328941911264, 0.09389965183155548
1.363135563520371, 0.08026829525735525
1.3638018526482973, 0.06663027592818932
1.3643317085920386, 0.05298695817596617
1.3647250920159808, 0.039339706725936785
1.364981977234332, 0.0256898865601964
1.3651023522123238, 0.012038862781174293
1.3650862185660515, -0.0016119995248748513
1.3649335915609457, -0.015261335424364312
1.3646445001088814, -0.028907780272839773
1.3642189867639223, -0.04254996985140119
1.3636571077167017, -0.05618654050306851
1.3629589327874398, -0.0698161292690775
1.3621245454175996, -0.0834373740250922
1.361154042660181, -0.09704891361732026
1.3600475351686554, -0.11064938799851769
1.3588051471845413, -0.12423743836386922
1.3574270165236224, -0.13781170728673106
1.3559132945608101, -0.1513708388542221
1.3542641462136507, -0.1649134788026502
1.3524797499244816, -0.17843827465276021
1.3505602976412363, -0.19194387584478984
1.3485059947969, -0.2054289338733201
1.346317060287621, -0.21889210242190696
1.3439937264494757, -0.2323320374974807
1.3415362390338934, -0.24574739756449926
1.3389448571817426, -0.2591368436788427
1.3362198533960796, -0.27249903962143507
1.3333615135135652, -0.2858326520315803
1.3303701366745502, -0.2991363505399993
1.3272460352918332, -0.3124088079015541
1.3239895350180964, -0.325648700127647
1.3206009747120182, -0.3388547066182802
1.3170807064030707, -0.35202551029376383
1.3134290952550032, -0.3651597977260588
1.309646519528015, -0.37825625926974094
1.305733370539624, -0.3913135891925746
1.3016900526242334, -0.40433048580568104
1.2975169830914, -0.4173056515932902
1.2932145921828095, -0.4302377933420618
1.288783323027964, -0.4431256222699635
1.2842236315985838, -0.4559678541546931
1.279535986661731, -0.46876320946163186
1.274720869731658, -0.48151041347131635
1.2697787750203853, -0.49420819640641606
1.2647102093870155, -0.5068552935582042
1.2595156922857884, -0.5194504454125092
1.2541957557128802, -0.5319923977751335
1.2487509441519553, -0.5444799018967291
1.2431818145184748, -0.5569117145971149
1.2374889361027663, -0.5692865983890254
1.2316728905118641, -0.581603321601278
1.2257342716101218, -0.5938606585013461
1.2196736854586059, -0.6060573894173256
1.2134917502532763, -0.6181923008592844
1.207189096261959, -0.630264185639981
1.2007663657601186, -0.6422718429949403
1.1942242129654361, -0.6542140787018763
1.1875633039711995, -0.6660897051994475
1.180784316678513, -0.6778975417053357
1.1738879407273335, -0.6896364143336335
1.1668748774263387, -0.7013051562115328
1.159745839681637, -0.7129026075952976
1.1525015519243234, -0.7244276159855148
1.1451427500368918, -0.7358790362416076
1.1376701812785084, -0.7472557306956022
1.1300846042091552, -0.7585565692651365
1.1223867886126522, -0.7697804295656974
1.1145775154185635, -0.7809261970220787
1.106657576622998, -0.7919927649790467
1.0986277752083102, -0.8029790348112021
1.0904889250617122, -0.8138839160320289
1.0822418508928018, -0.8247063264021178
1.0738873881500177, -0.8354451920365548
1.0654263829360293, -0.8460994475114632
1.0568596919220685, -0.8566680359696893
1.0481881822612154, -0.8671499092256211
1.0394127315006423, -0.8775440278691284
1.0305342274928289, -0.8878493613686165
1.0215535683057548, -0.8980648881731804
1.0124716621320806, -0.9081895958138524
1.0032894271973247, -0.9182224810039297
0.9940077916670467, -0.9281625497383753
0.9846276935530459, -0.9380088173922803
0.9751500806185852, -0.9477603088183779
0.9655759102826484, -0.9574160584436013
0.9559061495232426, -0.9669751103646732
0.9461417747797539, -0.9764365184427196
0.9362837718543672, -0.9857993463968981
0.9263331358125592, -0.9950626678970302
0.9162908708826755, -1.0042255666552302
0.9061579903546015, -1.0132871365165206
0.8959355164775374, -1.0222464815484247
0.885624480356887, -1.0311027161295288
0.8752259218502721, -1.0398549650370044
0.8647408894626821, -1.0485023635330815
0.8541704402407686, -1.0570440574504656
0.8435156396662973, -1.065479203276688
0.832777561548767, -1.0738069682373836
0.8219572879172066, -1.082026530378486
0.8110559089111604, -1.0901370786473323
0.8000745226708746, -1.0981378129726702
0.7890142352266938, -1.106027944343559
0.7778761603876798, -1.1138066948871563
0.7666614196294643, -1.121473297945384
0.7553711419813455, -1.1290269981504646
0.7440064639126408, -1.136467051499321
0.7325685292183078, -1.1437927254268334
0.721058488903843, -1.1510032988779446
0.709477501069472, -1.1580980623786064
0.6978267307936414, -1.1650763181055621
0.6861073500158246, -1.1719373799549573
0.6743205374186534, -1.17868057360977
0.6624674783093875, -1.1853052366060581
0.6505493645007325, -1.1918107183980131
0.6385673941910207, -1.198196380421816
0.6265227718437638, -1.2044615961582898
0.6144167080665927, -1.2106057511943398
0.6022504194895938, -1.216628243283178
0.5900251286430563, -1.2225284824033262
0.5777420638346412, -1.2283058908163877
0.5654024590259847, -1.2339599031235886
0.5530075537087493, -1.239489966321077
0.540558592780134, -1.2448955398539787
0.528056826417856, -1.2501760956692018
0.5155035099546179, -1.255331118266987
0.5028999037520708, -1.2603601047511965
0.4902472730742884, -1.2652625648783384
0.47754688796076245, -1.2700380211053204
0.46480002309893426, -1.2746860086359295
0.4520079576962737, -1.2792060754660322
0.43917197535191926, -1.2835977824274907
0.4262933639278916, -1.2878607032307918
0.4133734154198941, -1.2919944245063837
0.4004134258277128, -1.2959985458447165
0.3874146950252287, -1.2998726798349833
0.37437852663005616, -1.303616452102557
0.3613062278728197, -1.3072295013451207
0.34819910946608257, -1.3107114793674866
0.3350584854729405, -1.314062051115101
0.32188567317529326, -1.3172808947062336
0.3086819929418081, -1.3203677014628428
0.29544876809558696, -1.3233221759401217
0.2821873247815521, -1.3261440359547154
0.26889899183356275, -1.3288330126116106
0.2555851006412759, -1.3313888503296931
0.24224698501676514, -1.3338113068659723
0.2288859810609106, -1.3361001533384682
0.21550342702957317, -1.3382551742477624
0.20210066319956685, -1.3402761674972063
0.18867903173444234, -1.342162944411789
0.1752398765500954, -1.3439153297556605
0.16178454318021354, -1.3455331617483093
0.14831437864157418, -1.3470162920793933
0.13483073129920817, -1.3483645859222224
0.12133495073144195, -1.349577921945891
0.10782838759483183, -1.35065619232606
0.09431239348900408, -1.3515993027543882
0.08078832082141406, -1.3524071724466094
0.06725752267203827, -1.353079734149258
0.05372135265801264, -1.3536169341450408
0.04018116479823057, -1.3540187322568538
0.026638313377914467, -1.3542851018504456
0.01309415281317407, -1.3544160298357264
-0.00044996248443467633, -1.3544115166667217
-0.013992678243336783, -1.3542715763401731
-0.02753264046733784, -1.353996236392784
-0.04106849557098255, -1.3535855378971118
-0.054598890514858674, -1.3530395354561078
-0.06812247294083282, -1.3523582971963042
-0.08163789130720459, -1.351541904759649
-0.09514379502376559, -1.3505904532939923
-0.10863883458674985, -1.3495040514422203
-0.12212166171366193, -1.348282821330043
-0.13559092947796966, -1.3469268985524352
-0.14904529244364767, -1.3454364321587298
-0.16248340679955844, -1.3438115846363698
-0.17590393049365755, -1.3420525318933174
-0.18930552336700945, -1.340159463239122
-0.20268684728760072, -1.3381325813646514
-0.21604656628393712, -1.3359721023204862
-0.22938334667841126, -1.333678255493981
-0.24269585722042775, -1.3312512835849941
-0.25598276921927204, -1.3286914425802885
-0.26924275667671044, -1.325999001726607
-0.2824744964193071, -1.3231742435024239
-0.2956766682304459, -1.320217463588377
-0.30884795498204304, -1.317128970836382
-0.3219870427659378, -1.313909087237433
-0.3350926210249483, -1.3105581478880928
-0.3481633826835788, -1.3070765009556755
-0.3611980242783663, -1.3034645076421267
-0.3741952460878521, -1.2997225421466032
-0.3871537522621672, -1.2958509916267562
-0.40007225095221693, -1.2918502561587242
-0.4129494544384528, -1.287720748695837
-0.42578407925921863, -1.2834628950260374
-0.43857484633865806, -1.2790771337280218
-0.45132048111417067, -1.2745639161261086
-0.4640197136634042, -1.2699237062438355
-0.47667127883077, -1.2651569807562908
-0.48927391635346906, -1.2602642289411863
-0.5018263709870167, -1.2552459526286739
-0.5143273926302521, -1.250102666149912
-0.526775736449822, -1.2448348962843871
-0.5391701630041246, -1.239443182205997
-0.551509438366702, -1.2339280754278983
-0.5637923342490688, -1.2282901397461268
-0.5760176281229654, -1.2225299511819958
-0.5881841033420219, -1.216648097923276
-0.6002905492628225, -1.210645180264167
-0.6123357613653577, -1.2045218105440616
-0.6243185413728513, -1.198278613085115
-0.636237697370952, -1.1919162241286194
-0.6480920439262771, -1.1854352917701945
-0.6598804022042946, -1.1788364758937986
-0.6716016000865362, -1.1721204481045684
-0.6832544722871252, -1.1652878916604927
-0.6948378604686097, -1.1583395014029276
-0.7063506133570907, -1.1512759836859616
-0.7177915868566309, -1.1440980563046355
-0.7291596441629353, -1.1368064484220255
-0.7404536558762909, -1.129401900495198
-0.7516725001137547, -1.1218851642000416
-0.7628150626205796, -1.114257002354984
-0.773880236880865, -1.1065181888436053
-0.7848669242274242, -1.098669508536149
-0.7957740339508544, -1.0907117572099454
-0.8066004834078015, -1.0826457414687498
-0.8173451981284068, -1.0744722786610084
-0.8280071119229253, -1.0661921967970562
-0.8385851669875067, -1.0578063344652593
-0.8490783140091261, -1.0493155407471046
-0.8594855122696555, -1.0407206751312528
-0.869805729749066, -1.0320226074265553
-0.8800379432277492, -1.0232222176740517
-0.8901811383879492, -1.01432039605795
-0.9002343099142939, -1.0053180428156032
-0.9101964615934156, -0.9962160681464887
-0.920066606412653, -0.9870153921202015
-0.9298437666578216, -0.9777169445834694
-0.9395269740100459, -0.9683216650661994
-0.9491152696416418, -0.9588305026865663
-0.9586077043110407, -0.9492444160551509
-0.968003338456745, -0.9395643731781392
-0.9773012422903076, -0.9297913513595925
-0.9865004958883231, -0.9199263371027957
-0.9956001892834251, -0.909970326010698
-1.0045994225542778, -0.899924322685452
-1.0134973059145542, -0.8897893406270632
-1.0222929598008927, -0.8795664021311609
-1.0309855149598222, -0.8692565381858987
-1.039574112533647, -0.8588607883679968
-1.0480579041452853, -0.8483802007379361
-1.0564360519820495, -0.8378158317343136
-1.0647077288783626, -0.8271687460673717
-1.0728721183974024, -0.8164400166117102
-1.0809284149116631, -0.8056307242981934
-1.0888758236824296, -0.7947419580050619
-1.096713560938154, -0.7837748144482607
-1.1044408539517283, -0.7727303980709953
-1.112056941116645, -0.7616098209325248
-1.1195610720220377, -0.7504142025962063
-1.126952507526595, -0.7391446700167983
-1.1342305198313403, -0.7278023574270381
-1.1413943925512702, -0.7163884062235019
-1.1484434207858438, -0.7049039648517593
-1.155376911188318, -0.6933501886908365
-1.162194182033919, -0.6817282399369955
-1.1688945632868457, -0.6700392874868446
-1.175477396666098, -0.6582845068197908
-1.1819420357101225, -0.6464650798798445
-1.18828784584027, -0.634582194956791
-1.1945142044230588, -0.6226370465667385
-1.2006205008312374, -0.6106308353320556
-1.2066061365036396, -0.5985647678607109
-1.2124705250038283, -0.586440056625025
-1.2182130920775216, -0.5742579198398492
-1.2238332757087924, -0.562019581340182
-1.229330526175042, -0.5497262704582359
-1.2347043061007363, -0.5373792218999658
-1.239954090509904, -0.5249796756210745
-1.245079366877388, -0.5125288767025039
-1.2500796351788486, -0.5000280752254267
-1.2549544079395096, -0.4874785261457508
-1.259703210281647, -0.4748814891681491
-1.264325579970811, -0.4622382286196261
-1.2688210674607816, -0.449550013322636
-1.2731892359372485, -0.43681811646776336
-1.277429661360216, -0.42404381548598
-1.2815419325051243, -0.4112283919204906
-1.2855256510026867, -0.3983731312981798
-1.2893804313774369, -0.3854793230006741
-1.2931059010849828, -0.37254826013503106
-1.2967017005479644, -0.35958123940406883
-1.3001674831907108, -0.34657956097634934
-1.3035029154725943, -0.3335445283558278
-1.306707676920077, -0.32047744825118174
-1.3097814601574485, -0.3073796304448328
-1.3127239709362506, -0.294252387661674
-1.3155349281633861, -0.28109703543751624
-1.3182140639279094, -0.2679148919872668
