1.0, 3.0
0.9604945569183785, 2.950544308162159
0.921967454195424, 2.9021659641332964
0.884397367965105, 2.85484265889862
0.8477634160270047, 2.80855253491143
0.8120451489073247, 2.7632741770565814
0.7772225410988205, 2.7189866037938555
0.7432759824761055, 2.675669258477657
0.7101862698828336, 2.6333020008495436
0.6779345988873368, 2.591865098700149
0.6465025557033639, 2.5513392196971427
0.6158721092726333, 2.511705423375927
0.5860256035059757, 2.4729451532898334
0.5569457496799108, 2.4350402293166655
0.5286156189855595, 2.3979728401184657
0.5010186352268602, 2.3617255357514786
0.47413856766511225, 2.3262812204233163
0.447959524006935, 2.2916231453944103
0.42246594353278216, 2.2577349020208795
0.39764259036321337, 2.224600414936006
0.37347454686017767, 2.1922039353675693
0.34994720716061867, 2.1605300345883345
0.32704627083976484, 2.1295635974970555
0.30475773670152034, 2.099289816327395
0.2830678966934242, 2.0696941844822256
0.2619633299436938, 2.0407624904908155
0.24143089691792108, 2.0124808120864643
0.22145773369303456, 1.9848355104021895
0.20203124634619146, 1.9578132242821211
0.18313910545630724, 1.9314008647063072
0.16476924071597743, 1.905585609326674
0.14690983565159138, 1.880354897111933
0.12954932244947936, 1.8556964230992705
0.11267637688597969, 1.8315981332506983
0.09627991335935288, 1.808048219411985
0.08034908002151177, 1.7850351143721277
0.06487325400757679, 1.7625474870213707
0.049842036761305025, 1.7405742376058073
0.03524524945448046, 1.7191044930766495
0.021072928498391166, 1.69812760253228
0.007315321145555897, 1.6776331327512468
-0.006037118820100468, 1.6576108638143896
-0.018993735306387628, 1.6380507848143264
-0.03156367405103655, 1.618943089650566
-0.04375588667662762, 1.6002781729085411
-0.05557913466392202, 1.5820466258208967
-0.06704199324522496, 1.5642392323093968
-0.07815285521937738, 1.5468469651058454
-0.0889199346899404, 1.5298609819504543
-0.09935127072810611, 1.5132726218661157
-0.10945473096183796, 1.4970734015070681
-0.11923801509271346, 1.4812550115804823
-0.12870865834191342, 1.4658093133395094
-0.1378740348267723, 1.4507283351463778
-0.14674136086927747, 1.43600426910414
-0.15531769823787595, 1.4216294677557066
-0.1636099573239213, 1.4075964408488297
-0.17162490025406685, 1.3938978521657217
-0.17936914393988435, 1.3805265164160259
-0.1868491630659634, 1.3674753961918782
-0.19407129301772041, 1.3547375989838244
-0.2010417327501225, 1.3423063742563823
-0.20776654759850693, 1.3301751105820625
-0.21425167203265444, 1.3183373328326855
-0.22050291235524982, 1.306786699426853
-0.22652594934584297, 1.2955169996324583
-0.23232634085139897, 1.2845221509231382
-0.23790952432450635, 1.2737961963875977
-0.24328081931028983, 1.2633333021907485
-0.24844542988305368, 1.2531277550856361
-0.25340844703366144, 1.243173959975141
-0.2581748510086375, 1.2334664375224658
-0.26274951360195653, 1.2239998218094346
-0.26713720040046746, 1.2147688580416562
-0.2713425729838802, 1.2057684002996156
-0.2753701910802242, 1.1969934093347794
-0.27922451467767023, 1.188438950409821
-0.2829099060935893, 1.1801001911820863
-0.28643063200170454, 1.1719723996294371
-0.2897908654181753, 1.1640509420176317
-0.29299468764743575, 1.1563312809084132
-0.29604609018859485, 1.1488089732074944
-0.2989489766031863, 1.1414796682516486
-0.301707164345044, 1.134339105934121
-0.3043243865530613, 1.1273831148676048
-0.3068042938075777, 1.1206076105840272
-0.3091504558511221, 1.1140085937704172
-0.3113663632742276, 1.1075821485401323
-0.31345542916701635, 1.101324440738743
-0.3154209907372426, 1.0952317162838825
-0.3172663108954653, 1.0893002995383851
-0.3189945798080097, 1.0835265917160515
-0.32060891641836414, 1.0779070693193882
-0.3221123699376449, 1.0724382826086871
-0.32350792130475, 1.0671168541018177
-0.3247984846168094, 1.0619394771041208
-0.32598690853052864, 1.0569029142678055
-0.3270759776350093, 1.052003996180257
-0.3280684137966187, 1.0472396199806848
-0.328966877476471, 1.042606748004541
-0.32977396902106804, 1.0381024064551578
-0.33049222992664024, 1.033723684102061
-0.3311241440777151, 1.0294677310054268
-0.331672138960431, 1.0253317572661622
-0.3321385868511036, 1.0213130318010957
-0.3325258059805424, 1.0174088811427793
-0.3328360616746043, 1.0136166882634108
-0.3330715674714623, 1.0099338914223934
-0.3332344862160569, 1.006357983037064
-0.3333269311321888, 1.002886508576125
-0.3333509668727034, 0.9995170654753287
-0.3333086105482064, 0.9962473020749697
-0.3332018327347436, 0.9930749165787492
-0.33303255846086693, 0.9899976560335861
-0.3328026681745024, 0.9870133153299562
-0.33251399869002546, 0.9841197362223489
-0.3321683441159434, 0.9813148063694422
-0.33176745676357383, 0.9785964583935991
-0.3313130480371029, 0.9759626689593023
-0.3308067893053974, 0.973411457870148
-0.33025031275593925, 0.9709408871840287
-0.32964521223124094, 0.9685490603461403
-0.328993044048097, 0.9662341213394596
-0.328295327800015, 0.963994253852342
-0.3275535471431674, 0.9618276804628976
-0.3267691505661945, 0.9597326618398102
-0.3259435521441853, 0.9577074959592721
-0.32507813227715515, 0.9557505173377107
-0.32417423841333226, 0.9538600962799927
-0.32323318575756016, 0.9520346381427964
-0.32225625796511664, 0.9502725826128484
-0.3212447078212424, 0.9485724029997279
-0.3201997579066692, 0.9469326055429481
-0.319122601249429, 0.9453517287330281
-0.318014401963222, 0.9438283426462752
-0.31687629587261484, 0.9423610482930068
-0.3157093911253343, 0.9409484769789379
-0.3145147687919185, 0.9395892896794755
-0.31329348345297986, 0.938282176426659
-0.3120465637743314, 0.9370258557084952
-0.31077501307022076, 0.9358190738804384
-0.3094798098549129, 0.9346606045887745
-0.3081619083828574, 0.933549248205669
-0.3068222391776706, 0.9324838312756466
-0.30546170955015983, 0.9314632059732737
-0.3040812041056108, 0.9304862495718184
-0.3026815852405557, 0.9295518639226702
-0.30126369362923544, 0.9286589749453017
-0.2998283486999641, 0.9278065321275628
-0.29837634910160077, 0.9269935080361
-0.2969084731603288, 0.9262188978366984
-0.2954254793269393, 0.9254817188243464
-0.2939281066148111, 0.92478100996283
-0.29241707502877606, 0.9241158314336646
-0.2908930859850545, 0.9234852641941778
-0.2893568227224419, 0.9228884095445593
-0.2878089507049245, 0.9223243887036986
-0.28625011801589784, 0.9217923423936345
-0.28468095574415864, 0.9212914304324431
-0.28310207836183704, 0.9208208313353955
-0.2815140840944332, 0.9203797419242199
-0.27991755528311846, 0.9199673769443043
-0.2783130587394584, 0.9195829686896816
-0.2767011460927116, 0.9192257666356409
-0.27508235412985615, 0.9188950370788113
-0.27345720512849, 0.9185900627845688
-0.27182620718275186, 0.9183101426416197
-0.27018985452240424, 0.9180545913236153
-0.268548627825217, 0.9178227389576581
-0.2669029945227892, 0.9176139307995598
-0.265253409099942, 0.9174275269157169
-0.26360031338781387, 0.9172629018714703
-0.26194413685078677, 0.917119444425818
-0.2602852968673685, 0.9169965572323546
-0.25862419900515515, 0.9168936565463119
-0.25696123728999404, 0.9168101719375779
-0.25529679446946557, 0.9167455460095734
-0.25363124227080003, 0.9166992341238703
-0.25196494165334304, 0.916670704130435
-0.2502982430556812, 0.9166594361033827
-0.24863148663753637, 0.9166649220821339
-0.24696500251653636, 0.9166866658178636
-0.24529911099996637, 0.9167241825251361
-0.24363412281160396, 0.9167769986386219
-0.24197033931373813, 0.916844651574794
-0.2403080527244711, 0.9169266894985034
-0.23864754633039953, 0.9170226710943364
-0.23698909469476948, 0.9171321653426557
-0.23533296386119834, 0.9172547513002326
-0.23367941155305444, 0.9173900178853772
-0.232028687368583, 0.9175375636674762
-0.2303810329718663, 0.917696996660849
-0.22873668227970317, 0.9178679341228358
-0.22709586164449186, 0.9180500023560318
-0.22545879003319808, 0.9182428365145842
-0.22382567920248864, 0.91844608041447
-0.22219673387011013, 0.9186593863476747
-0.22057215188258883, 0.9188824149001933
-0.21895212437932854, 0.9191148347737742
-0.21733683595317965, 0.919356322611335
-0.21572646480755275, 0.9196065628259718
-0.21412118291014742, 0.9198652474334913
-0.2125211561433663, 0.9201320758883955
-0.21092654445148273, 0.9204067549232466
-0.2093375019846287, 0.9206889983913472
-0.20775417723966882, 0.9209785271126655
-0.20617671319802494, 0.9212750687229428
-0.20460524746051356, 0.9215783575259173
-0.20303991237925872, 0.9218881343486007
-0.20148083518674026, 0.9222041463995485
-0.19992813812203636, 0.9225261471300605
-0.19838193855431951, 0.9228538960982541
-0.1968423491036616, 0.923187158835951
-0.19530947775920438, 0.9235257067183226
-0.19378342799474996, 0.9238693168362344
-0.19226429888182472, 0.9242177718712394
-0.19075218520026876, 0.9245708599731629
-0.1892471775464027, 0.9249283746402287
-0.18774936243882173, 0.925290114601674
-0.18625882242186653, 0.9256558837028034
-0.1847756361668189, 0.9260254907924315
-0.18329987857086993, 0.9263987496126665
-0.18183162085390653, 0.9267754786909879
-0.18037093065316212, 0.9271555012345692
-0.17891787211577587, 0.9275386450268039
-0.1774725059893038, 0.9279247423259868
-0.17603488971022474, 0.9283136297661078
-0.17460507749048298, 0.9287051482597168
-0.17318312040210831, 0.9290991429028159
-0.17176906645995388, 0.9294954628817373
-0.17036296070259094, 0.929893961381969
-0.1689648452713995, 0.9302944954988862
-0.1675747594878919, 0.9306969261503512
-0.1661927399293069, 0.9311011179911428
-0.16481882050251012, 0.9315069393291788
-0.16345303251623688, 0.931914262043495
-0.1620954047517113, 0.9323229615039437
-0.16074596353167653, 0.9327329164925788
-0.15940473278786926, 0.933144009126692
-0.15807173412697084, 0.9335561247834655
-0.1567469868950676, 0.9339691520262101
-0.1554305082406513, 0.934382982532156
-0.15412231317619052, 0.934797511021763
-0.15282241463830337, 0.9352126351895214
-0.15153082354656072, 0.9356282556362111
-0.15024754886094877, 0.9360442758025915
-0.14897259763801957, 0.9364606019044905
-0.1477059750857571, 0.9368771428692654
-0.14644768461718588, 0.9372938102736076
-0.1451977279027486, 0.9377105182826638
-0.1439561049214797, 0.938127183590446
-0.14272281401099923, 0.9385437253615043
-0.14149785191635267, 0.9389600651738375
-0.14028121383772119, 0.9393761269630143
-0.13907289347702617, 0.939791836967483
-0.13787288308345141, 0.9402071236750428
-0.13668117349790643, 0.9406219177704535
-0.1354977541964526, 0.9410361520841625
-0.13432261333271545, 0.9414497615421223
-0.13315573777930345, 0.9418626831166803
-0.1319971131682554, 0.9422748557785146
-0.1308467239305366, 0.9426862204495989
-0.1297045533346043, 0.9430967199571716
-0.12857058352406292, 0.9435062989886903
-0.12744479555442734, 0.9439149040477512
-0.1263271694290144, 0.9443224834109535
-0.12521768413398082, 0.9447289870856889
-0.12411631767252611, 0.9451343667688383
-0.12302304709827806, 0.9455385758063564
-0.12193784854787888, 0.9459415691537244
-0.12086069727278871, 0.9463433033372564
-0.11979156767032369, 0.9467437364162383
-0.11873043331394494, 0.9471428279458851
-0.11767726698281476, 0.9475405389410967
-0.11663204069063572, 0.947936831840998
-0.11559472571378819, 0.9483316704742472
-0.11456529261878161, 0.9487250200250942
-0.11354371128903433, 0.9491168470001761
-0.11252995095099642, 0.9495071191960328
-0.11152398019963007, 0.9498958056673292
-0.11052576702326107, 0.9502828766957683
-0.10953527882781557, 0.9506683037596811
-0.1085524824604552, 0.9510520595042803
-0.10757734423262362, 0.9514341177125623
-0.1066098299425177, 0.9518144532768454
-0.10564990489699548, 0.9521930421709313
-0.10469753393293355, 0.9525698614228745
-0.10375268143804581, 0.9529448890883512
-0.10281531137117544, 0.9533181042246107
-0.10188538728207157, 0.9536894868650003
-0.1009628723306621, 0.9540590179940509
-0.10004772930583374, 0.954426679523111
-0.09913992064373005, 0.9547924542665188
-0.09823940844557826, 0.9551563259183
-0.09734615449505508, 0.9555182790293817
-0.09646012027520202, 0.95587829898531
-0.09558126698489977, 0.9562363719844629
-0.09470955555491187, 0.9565924850167458
-0.09384494666350694, 0.956946625842761
-0.09298740075166899, 0.9572987829734421
-0.09213687803790482, 0.9576489456501405
-0.09129333853265782, 0.9579971038251582
-0.09045674205233657, 0.9583432481427151
-0.08962704823296716, 0.9586873699203426
-0.08880421654347755, 0.9590294611306949
-0.08798820629862218, 0.9593695143837674
-0.08717897667155504, 0.9597075229095172
-0.08637648670605895, 0.9600434805408732
-0.085580695328439, 0.9603773816971306
-0.08479156135908751, 0.9607092213677202
-0.08400904352372816, 0.9610389950963452
-0.0832331004643464, 0.9613666989654774
-0.08246369074981325, 0.9616923295812064
-0.08170077288620962, 0.9620158840584317
-0.0809443053268579, 0.962337360006394
-0.0801942464820672, 0.9626567555145354
-0.0794505547285994, 0.9629740691386839
-0.07871318841886178, 0.9632892998875531
-0.07798210588983286, 0.963602447209553
-0.07725726547172744, 0.9639135109799034
-0.07653862549640691, 0.9642224914880435
-0.0758261443055407, 0.9645293894253331
-0.07511978025852442, 0.9648342058730371
-0.07441949174016069, 0.9651369422905893
-0.07372523716810786, 0.9654376005041272
-0.07303697500010209, 0.9657361826952948
-0.0723546637409581, 0.9660326913903056
-0.07167826194935377, 0.9663271294492606
-0.07100772824440356, 0.9666195000557172
-0.07034302131202576, 0.9669098067065018
-0.0696840999111084, 0.9671980532017622
-0.06903092287947858, 0.967484243635254
-0.06838344913967968, 0.9677683823848565
-0.06774163770456139, 0.9680504741033128
-0.06710544768268642, 0.968330523709189
-0.06647483828355881, 0.9686085363780492
-0.0658497688226777, 0.9688845175338398
-0.06523019872642091, 0.9691584728404795
-0.06461608753676223, 0.9694304081936517
-0.06400739491582667, 0.9697003297127921
-0.0634040806502873, 0.9699682437332706
-0.06280610465560761, 0.9702341567987607
-0.06221342698013317, 0.9704980756537936
-0.06162600780903606, 0.9707600072364935
-0.06104380746811587, 0.9710199586714879
-0.060466786427460686, 0.9712779372629928
-0.05989490530497127, 0.9715339504880649
-0.05932812486975213, 0.97178800599002
-0.05876640604537246, 0.9720401115720139
-0.05820970991300041, 0.9722902751907802
-0.05765799771441345, 0.9725385049505235
-0.05711123085488834, 0.9727848090969646
-0.05656937090597332, 0.9730291960115329
-0.056032379608145694, 0.9732716742057038
-0.05550021887335753, 0.9735122523154786
-0.05497285078747234, 0.9737509390960022
-0.05445023761259554, 0.9739877434163171
-0.053932341789301216, 0.9742226742542491
-0.053419125938757944, 0.9744557406914237
-0.05291055286475628, 0.9746869519084087
-0.05240658555564018, 0.974916317179981
-0.051907187186145134, 0.9751438458705146
-0.05141232111914516, 0.9753695474294881
-0.05092195090731112, 0.975593431387107
-0.0504360402946826, 0.9758155073500397
-0.04995455321815566, 0.976035784997266
-0.04947745380888864, 0.9762542740760313
-0.049004706393628056, 0.9764709843979096
-0.048536275495956835, 0.9766859258349685
-0.04807212583746688, 0.9768991083160363
-0.04761222233885794, 0.9771105418230681
-0.04715653012096471, 0.9773202363876088
-0.04670501450571431, 0.977528202087351
-0.04625764101701568, 0.9777344490427854
-0.045814375381582964, 0.9779389874139416
-0.045375183529694565, 0.9781418273972178
-0.04494003159588972, 0.9783429792222972
-0.04450888591960417, 0.9785424531491481
-0.044081713045746734, 0.9787402594651076
-0.043658479725218274, 0.9789364084820454
-0.04323915291537481, 0.9791309105336077
-0.04282369978043625, 0.9793237759725364
-0.04241208769184228, 0.9795150151680659
-0.04200428422855686, 0.9797046385033921
-0.041600257177322915, 0.9798926563732135
-0.0411999745328685, 0.9800790791813443
-0.04080340449806588, 0.9802639173383936
-0.040410515484044965, 0.9804471812595145
-0.04002127611026228, 0.9806288813622169
-0.039635655204526915, 0.980809028064246
-0.0392536218029846, 0.9809876317815219
-0.03887514515006124, 0.9811647029261418
-0.038500194698367074, 0.981340251904441
-0.03812874010856262, 0.9815142891151131
-0.037760751249187624, 0.9816868249473868
-0.03739619819645408, 0.9818578697792589
-0.03703505123400449, 0.9820274339757811
-0.0366772808526363, 0.9821955278874
-0.03632285774999381, 0.9823621618483507
-0.0359717528302283, 0.9825273461750977
-0.035623937203627574, 0.9826910911648296
-0.03527938218621585, 0.9828534070939979
-0.034938059299324906, 0.9830143042169066
-0.03459994026913743, 0.9831737927643456
-0.034264997026203586, 0.9833318829422697
-0.03393320170493151, 0.9834885849305222
-0.033604526643052746, 0.9836439088816005
-0.033278944381063394, 0.9837978649194639
-0.03295642766164186, 0.9839504631383826
-0.03263694942904395, 0.9841017136018261
-0.03232048282847612, 0.9842516263413902
-0.03200700120544765, 0.9844002113557633
-0.031696478105102566, 0.9845474786097281
-0.031388887271531864, 0.984693438033201
-0.031084202647066933, 0.9848380995203053
-0.030782398371554796, 0.9849814729284804
-0.030483448781615838, 0.985123568077623
-0.030187328409884695, 0.9852643947492622
-0.029894011984234983, 0.9854039626857661
-0.02960347442698845, 0.9855422815895799
-0.029315690854109185, 0.9856793611224933
-0.02903063657438351, 0.9858152109049394
-0.028748287088586115, 0.9859498405153206
-0.028468618088632963, 0.9860832594893643
-0.028191605456721655, 0.9862154773195044
-0.027917225264459618, 0.9863465034542916
-0.027645453771980813, 0.9864763472978276
-0.027376267427051355, 0.9866050182092266
-0.027109642864164632, 0.9867325255021007
-0.026845556903626333, 0.9868588784440692
-0.02658398655062995, 0.9869840862562924
-0.026324908994323153, 0.9871081581130279
-0.026068301606865518, 0.9872311031412083
-0.02581414194247804, 0.9873529304200428
-0.025562407736484848, 0.9874736489806378
-0.02531307690434762, 0.9875932678056395
-0.025066127540692984, 0.9877117958288962
-0.02482153791833336, 0.9878292419351405
-0.024579286487281665, 0.98794561495969
-0.02433935187376024, 0.988060923688167
-0.024101712879204276, 0.9881751768562361
-0.023866348479260238, 0.9882883831493599
-0.023633237822779547, 0.9884005512025708
-0.023402360230807856, 0.9885116896002604
-0.023173695195570304, 0.9886218068759848
-0.022947222379453014, 0.9887309115122856
-0.022722921613981137, 0.9888390119405264
-0.02250077289879384, 0.9889461165407435
-0.0222807564006164, 0.9890522336415126
-0.022062852452229817, 0.9891573715198282
-0.021847041551438073, 0.9892615384009975
-0.021633304360033523, 0.989364742458547
-0.02142162170276042, 0.9894669918141427
-0.021211974566277075, 0.9895682945375225
-0.021004344098116717, 0.989668658646441
-0.02079871160564739, 0.9897680921066262
-0.02059505855503113, 0.9898666028317472
-0.02039336657018255, 0.989964198683394
-0.020193617431727165, 0.9900608874710676
-0.019995793075959646, 0.9901566769521803
-0.019799875593802127, 0.9902515748320678
-0.0196058472297629, 0.9903455887640089
-0.019413690380895555, 0.9904387263492567
-0.01922338759575891, 0.9905309951370783
-0.019034921573377737, 0.9906224026248044
-0.018848275162204643, 0.9907129562578861
-0.018663431359083126, 0.990802663429962
-0.018480373308212075, 0.9908915314829322
-0.01829908430011181, 0.990979567707041
-0.018119547770591896, 0.9910667793409673
-0.017941747299720798, 0.9911531735719225
-0.01776566661079757, 0.9912387575357546
-0.017591289569325735, 0.9913235383170618
-0.01741860018198945, 0.9914075229493096
-0.017247582595632124, 0.9914907184149575
-0.017078221096237606, 0.99157313164559
-0.016910500107914055, 0.9916547695220547
-0.01674440419188066, 0.9917356388746058
-0.016579918045457262, 0.9918157464830542
-0.01641702650105703, 0.991895099076922
-0.016255714525182277, 0.9919737033356029
-0.01609596721742359, 0.9920515658885279
-0.015937769809462224, 0.9921286933153356
-0.015781107664076054, 0.9922050921460472
-0.015625966274149, 0.9922807688612467
-0.015472331261684118, 0.992355729892265
-0.015320188376820448, 0.992429981621368
-0.015169523496853632, 0.9925035303819498
-0.015020322625260422, 0.9925763824587291
-0.014872571890727208, 0.992648544087949
-0.014726257546182515, 0.9927200214575814
-0.01458136596783368, 0.9927908207075345
-0.014437883654207659, 0.9928609479298633
-0.014295797225196132, 0.9929304091689836
-0.01415509342110486, 0.992999210421889
-0.014015759101707465, 0.9930673576383711
-0.013877781245303596, 0.9931348567212418
-0.013741146947781606, 0.9932017135265593
-0.013605843421685762, 0.9932679338638557
-0.013471857995287995, 0.9933335234963674
-0.013339178111664352, 0.9933984881412681
-0.013207791327776067, 0.9934628334699033
-0.013077685313555375, 0.9935265651080276
-0.012948847850996092, 0.9935896886360438
-0.012821266833248968, 0.9936522095892433
-0.012694930263721892, 0.993714133458049
-0.012569826255184977, 0.9937754656882599
-0.012445943028880538, 0.9938362116812962
-0.012323268913637976, 0.9938963767944474
-0.012201792344993662, 0.9939559663411207
-0.01208150186431578, 0.994014985591091
-0.01196238611793421, 0.9940734397707521
-0.011844433856275427, 0.9941313340633693
-0.011727633933002447, 0.9941886736093324
-0.011611975304159874, 0.9942454635064104
-0.011497447027324047, 0.9943017088100068
-0.011384038260758268, 0.9943574145334151
-0.011271738262573182, 0.9944125856480761
-0.011160536389892298, 0.9944672270838351
-0.01105042209802265, 0.9945213437291999
-0.010941384939630643, 0.9945749404315997
-0.010833414563923074, 0.9946280219976432
-0.010726500715833299, 0.9946805931933791
-0.010620633235212638, 0.9947326587445549
-0.010515802056026959, 0.9947842233368771
-0.010411997205558451, 0.9948352916162719
-0.010309208803612621, 0.9948858681891448
-0.01020742706173048, 0.9949359576226413
-0.01010664228240597, 0.9949855644449075
-0.010006844858308543, 0.99503469314535
-0.009908025271511016, 0.9950833481748972
-0.009810174092722578, 0.9951315339462588
-0.009713281980527025, 0.9951792548341859
-0.009617339680626197, 0.9952265151757315
-0.009522338025088603, 0.9952733192705093
-0.009428267931603236, 0.9953196713809539
-0.009335120402738567, 0.9953655757325792
-0.009242886525206731, 0.9954110365142372
-0.009151557469132866, 0.9954560578783763
-0.009061124487329618, 0.9955006439412989
-0.008971578914576794, 0.9955447987834185
-0.008882912166906148, 0.995588526449517
-0.008795115740891323, 0.9956318309490002
-0.00870818121294286, 0.9956747162561538
-0.008622100238608377, 0.9957171863103977
-0.008536864551877767, 0.9957592450165412
-0.008452465964493536, 0.9958008962450356
-0.008368896365266172, 0.9958421438322279
-0.008286147719394572, 0.995882991580612
-0.008204212067791497, 0.9959234432590807
-0.008123081526414062, 0.9959635026031758
-0.008042748285599203, 0.9960031733153379
-0.00796320460940414, 0.9960424590651555
-0.007884442834951818, 0.9960813634896123
-0.007806455371781287, 0.9961198901933344
-0.007729234701203, 0.9961580427488369
-0.007652773375659054, 0.9961958246967685
-0.007577064018088296, 0.996233239546156
-0.0075020993212963245, 0.996270290774647
-0.007427872047330326, 0.9963069818287529
-0.007354375026858748, 0.9963433161240893
-0.0072816011585558095, 0.9963792970456167
-0.007209543408490768, 0.996414927947879
-0.007138194809521978, 0.9964502121552422
-0.007067548460695707, 0.9964851529621306
-0.006997597526649642, 0.996519753633263
-0.0069283352370211465, 0.9965540174038873
-0.006859754885860166, 0.9965879474800143
-0.006791849831046807, 0.9966215470386498
-0.006724613493713564, 0.9966548192280259
-0.006658039357672136, 0.996687767167831
-0.006592120968844841, 0.9967203939494393
-0.006526851934700616, 0.996752702636138
-0.006462225923695532, 0.9967846962633538
-0.006398236664717852, 0.9968163778388782
-0.006334877946537556, 0.9968477503430924
-0.006272143617260372, 0.9968788167291891
-0.006210027583786214, 0.996909579923395
-0.006148523811272073, 0.9969400428251909
-0.00608762632259929, 0.9969702083075307
-0.006027329197845193, 0.9970000792170596
-0.005967626573759096, 0.9970296583743307
-0.005908512643242606, 0.9970589485740204
-0.005849981654834236, 0.9970879525851426
-0.0057920279121982735, 0.9971166731512614
-0.005734645773617916, 0.9971451129907029
-0.005677829651492598, 0.9971732747967653
-0.0056215740118395335, 0.9972011612379282
-0.005565873373799421, 0.9972287749580603
-0.005510722309146274, 0.9972561185766253
-0.0054561154418014055, 0.9972831946888879
-0.005402047447351455, 0.9973100058661171
-0.005348513052570517, 0.9973365546557889
-0.00529550703494628, 0.9973628435817876
-0.005243024222210214, 0.997388875144606
-0.005191059491871708, 0.9974146518215433
-0.005139607770756175, 0.9974401760669034
-0.005088664034547115, 0.9974654503121905
-0.005038223307332057, 0.9974904769663037
-0.004988280661152401, 0.9975152584157307
-0.0049388312155571115, 0.9975397970247402
-0.004889870137160232, 0.9975640951355719
-0.004841392639202219, 0.9975881550686271
-0.00479339398111505, 0.9976119791226563
-0.004745869468091076, 0.9976355695749463
-0.004698814450655599, 0.9976589286815057
-0.004652224324243157, 0.9976820586772499
-0.004606094528777492, 0.9977049617761833
-0.004560420548255145, 0.9977276401715816
-0.004515197910332683, 0.9977500960361723
-0.00447042218591754, 0.9977723315223137
-0.004426088988762407, 0.997794348762173
-0.004382193975063162, 0.9978161498679027
-0.004338732843060352, 0.9978377369318163
-0.00429570133264414, 0.9978591120265622
-0.004253095224962727, 0.9978802772052964
-0.0042109103420342325, 0.9979012345018542
-0.004169142546361981, 0.9979219859309206
-0.004127787740553179, 0.9979425334881993
-0.004086841866940971, 0.9979628791505801
-0.004046300907209834, 0.9979830248763061
-0.004006160882024278, 0.9980029726051383
-0.003966417850660861, 0.9980227242585199
-0.003927067910643456, 0.9980422817397395
-0.0038881071973817724, 0.9980616469340919
-0.0038495318838130815, 0.998080821709039
-0.0038113381800471587, 0.9980998079143686
-0.0037735223330143675, 0.9981186073823525
-0.0037360806261169215, 0.998137221927903
-0.003699009378883237, 0.9981556533487285
-0.0036623049466253978, 0.9981739034254877
-0.0036259637200997015, 0.9981919739219426
-0.003589982125170234, 0.9982098665851105
-0.0035543566224754825, 0.9982275831454144
-0.003519083707097956, 0.9982451253168328
-0.003484159908236764, 0.998262494797048
-0.0034495817888831742, 0.9982796932675927
-0.0034153459454990716, 0.9982967223939969
-0.003381449007698361, 0.9983135838259319
-0.003347887637931226, 0.9983302791973545
-0.0033146585311712613, 0.9983468101266489
-0.0032817584146054395, 0.9983631782167688
-0.003249184047326898, 0.9983793850553769
-0.003216932220030517, 0.9983954322149847
-0.003184999754711263, 0.99841132125309
-0.0031533835043652987, 0.9984270537123136
-0.00312208035269379, 0.9984426311205356
-0.0030910872138094417, 0.9984580549910296
-0.0030604010319457003, 0.9984733268225964
-0.0030300187811686287, 0.9984884480996964
-0.002999937465091404, 0.9985034202925809
-0.002970154116591437, 0.9985182448574225
-0.002940665797530103, 0.9985329232364438
-0.0029114695984750055, 0.9985474568580465
-0.0028825626384248425, 0.9985618471369373
-0.0028539420645367596, 0.9985760954742546
-0.00282560505185624, 0.9985902032576934
-0.0027975488030494676, 0.9986041718616291
-0.002769770548138161, 0.9986180026472401
-0.0027422675442368635, 0.9986316969626302
-0.002715037075292654, 0.9986452561429489
-0.002688076451827257, 0.9986586815105113
-0.0026613830106815423, 0.9986719743749174
-0.0026349541147624063, 0.9986851360331689
-0.002608787152791961, 0.9986981677697868
-0.002582879539059099, 0.9987110708569269
-0.0025572287131733103, 0.9987238465544944
-0.0025318321398208367, 0.9987364961102582
-0.002506687308523048, 0.9987490207599632
-0.002481791733397104, 0.9987614217274425
-0.0024571429529188157, 0.9987737002247284
-0.002432738529687721, 0.998785857452162
-0.002408576050194365, 0.9987978945985025
-0.0023846531245897487, 0.9988098128410355
-0.0023609673864568997, 0.9988216133456795
-0.0023375164925846237, 0.9988332972670928
-0.0023142981227433357, 0.9988448657487782
-0.002291309979462995, 0.9988563199231877
-0.0022685497878131324, 0.9988676609118261
-0.002246015295184929, 0.9988788898253533
-0.002223704271075329, 0.9988900077636864
-0.0022016145068731938, 0.9989010158160999
-0.0021797438156474537, 0.9989119150613259
-0.002158090031937246, 0.9989227065676534
-0.0021366510115440364, 0.9989333913930257
-0.002115424631325684, 0.9989439705851388
-0.0020944087889924433, 0.9989544451815371
-0.002073601402904905, 0.9989648162097089
-0.002053000411873812, 0.9989750846871817
-0.002032603774961783, 0.9989852516216154
-0.002012409471286905, 0.9989953180108965
-0.001992415499828159, 0.999005284843229
-0.0019726198792327163, 0.9990151530972269
-0.0019530206476250263, 0.9990249237420041
-0.0019336158624177167, 0.9990345977372649
-0.001914403600124289, 0.9990441760333922
-0.0018953819561735794, 0.9990536595715368
-0.001876549044725985, 0.9990630492837036
-0.0018579029984914126, 0.9990723460928393
-0.0018394419685489848, 0.9990815509129177
-0.0018211641241684118, 0.999090664649025
-0.0018030676526331023, 0.9990996881974439
-0.0017851507590649178, 0.9991086224457376
-0.0017674116662506206, 0.9991174682728325
-0.0017498486144699454, 0.9991262265491
-0.0017324598613253257, 0.9991348981364379
-0.0017152436815732197, 0.9991434838883515
-0.0016981983669570669, 0.9991519846500331
-0.0016813222260418058, 0.999160401258441
-0.0016646135840499982, 0.9991687345423782
-0.001648070782699483, 0.9991769853225703
-0.001631692180042603, 0.9991851544117419
-0.001615476150306959, 0.9991932426146937
-0.0015994210837376698, 0.9992012507283774
-0.0015835253864411557, 0.9992091795419713
-0.0015677874802304086, 0.9992170298369542
-0.0015522058024717358, 0.9992248023871787
-0.0015367788059329687, 0.9992324979589448
-0.0015215049586331311, 0.9992401173110718
-0.0015063827436935413, 0.9992476611949694
-0.0014914106591903363, 0.9992551303547098
-0.001476587218008401, 0.9992625255270967
-0.001461910947696727, 0.9992698474417356
-0.0014473803903251106, 0.999277096821103
-0.0014329941023422804, 0.9992842743806138
-0.0014187506544353218, 0.9992913808286904
-0.0014046486313905107, 0.9992984168668285
-0.0013906866319554415, 0.9993053831896643
-0.0013768632687024898, 0.9993122804850404
-0.001363177167893602, 0.9993191094340708
-0.0013496269693463667, 0.9993258707112055
-0.0013362113263013717, 0.9993325649842948
-0.0013229289052908433, 0.9993391929146527
-0.001309778386008563, 0.9993457551571195
-0.0012967584611810086, 0.9993522523601249
-0.001283867836439745, 0.9993586851657487
-0.0012711052301950555, 0.9993650542097825
-0.001258469373510783, 0.9993713601217904
-0.001245959009980372, 0.9993776035251686
-0.0012335728956041105, 0.999383785037205
-0.0012213097986675456, 0.9993899052691385
-0.001209168499621098, 0.9993959648262167
-0.0011971477909608064, 0.9994019643077543
-0.001185246477110248, 0.9994079043071898
-0.0011734633743035773, 0.9994137854121428
-0.0011617973104697012, 0.9994196082044696
-0.001150247125117597, 0.9994253732603198
-0.0011388116692227016, 0.9994310811501904
-0.0011274898051144185, 0.9994367324389811
-0.0011162804063647135, 0.9994423276860482
-0.0011051823576777794, 0.9994478674452584
-0.00109419455478078, 0.9994533522650415
-0.0010833159043156307, 0.9994587826884437
-0.0010725453237318584, 0.9994641592531791
-0.0010618817411804683, 0.9994694824916817
-0.0010513240954088468, 0.9994747529311562
-0.0010408713356566991, 0.9994799710936291
-0.0010305224215529755, 0.9994851374959987
-0.0010202763230138107, 0.9994902526500845
-0.0010101320201414271, 0.9994953170626772
-0.0010000885031240699, 0.9995003312355869
-0.0009901447721368528, 0.9995052956656914
-0.0009802998372436082, 0.9995102108449844
-0.0009705527182996762, 0.9995150772606226
-0.0009609024448556311, 0.999519895394973
-0.0009513480560619514, 0.9995246657256589
-0.0009418886005746058, 0.9995293887256067
-0.0009325231364615827, 0.999534064863091
-0.0009232507311102943, 0.99953869460178
-0.0009140704611358963, 0.9995432784007804
-0.0009049814122905134, 0.9995478167146813
-0.0008959826793733146, 0.9995523099935987
-0.0008870733661414873, 0.9995567586832188
-0.0008782525852220856, 0.9995611632248411
-0.0008695194580247041, 0.999565524055421
-0.0008608731146550336, 0.9995698416076121
-0.000852312693829238, 0.9995741163098084
-0.0008438373427891756, 0.9995783485861854
-0.0008354462172184447, 0.9995825388567415
-0.000827138481159246, 0.9995866875373384
-0.0008189133069300449, 0.9995907950397417
-0.0008107698750440713, 0.9995948617716608
-0.0008027073741285612, 0.9995988881367882
-0.0007947250008448342, 0.9996028745348389
-0.0007868219598091142, 0.9996068213615892
-0.0007789974635141576, 0.999610729008915
-0.0007712507322516077, 0.9996145978648301
-0.0007635809940351422, 0.9996184283135233
-0.0007559874845243439, 0.9996222207353966
-0.0007484694469493298, 0.9996259755071019
-0.000741026132036117, 0.9996296930015768
-0.0007336567979327052, 0.999633373588082
-0.0007263607101358933, 0.9996370176322369
-0.0007191371414188123, 0.9996406254960547
-0.0007119853717591426, 0.9996441975379783
-0.0007049046882680737, 0.9996477341129147
-0.0006978943851199196, 0.99965123557227
-0.0006909537634824485, 0.9996547022639832
-0.0006840821314478829, 0.9996581345325605
-0.0006772788039645684, 0.9996615327191083
-0.0006705431027693269, 0.9996648971613675
-0.0006638743563204541, 0.9996682281937453
-0.0006572718997313945, 0.9996715261473487
-0.0006507350747050403, 0.999674791350016
-0.0006442632294686966, 0.9996780241263497
-0.0006378557187096644, 0.9996812247977472
-0.0006315119035114718, 0.9996843936824334
-0.000625231151290713, 0.9996875310954905
-0.000619012835734515, 0.9996906373488896
-0.0006128563367386215, 0.9996937127515212
-0.000606761040346078, 0.9996967576092246
-0.0006007263386865122, 0.9996997722248188
-0.0005947516299160162, 0.9997027568981315
-0.0005888363181576206, 0.9997057119260286
-0.0005829798134423421, 0.9997086376024436
-0.0005771815316508305, 0.9997115342184053
-0.0005714408944555611, 0.9997144020620676
-0.000565757329263606, 0.999717241418737
-0.000560130269159978, 0.9997200525709004
-0.0005545591528515123, 0.9997228357982529
-0.0005490434246113, 0.999725591377726
-0.0005435825342236904, 0.9997283195835132
-0.0005381759369298064, 0.9997310206870983
-0.0005328230933735988, 0.999733694957281
-0.0005275234695484507, 0.9997363426602042
-0.000522276536744283, 0.9997389640593789
-0.0005170817714951828, 0.9997415594157113
-0.0005119386555275697, 0.9997441289875276
-0.0005068466757088413, 0.9997466730305996
-0.0005018053239965355, 0.9997491917981696
-0.0004968140973879882, 0.9997516855409755
-0.0004918724978704957, 0.9997541545072754
-0.00048698003237197113, 0.9997565989428719
-0.0004821362127120539, 0.9997590190911364
-0.0004773405555537451, 0.9997614151930325
-0.0004725925823554737, 0.9997637874871403
-0.00046789181932367294, 0.9997661362096797
-0.00046323779736580015, 0.999768461594533
-0.0004586300520438187, 0.999770763873269
-0.0004540681235281549, 0.9997730432751647
-0.0004495515565520851, 0.9997753000272284
-0.00044507990036658784, 0.999777534354222
-0.0004406527086956401, 0.9997797464786832
-0.00043626953969194, 0.9997819366209467
-0.00043192995589307753, 0.999784104999167
-0.0004276335241781386, 0.9997862518293391
-0.00042337981572472885, 0.9997883773253198
-0.0004191684059664143, 0.9997904816988488
-0.00041499887455060183, 0.9997925651595698
-0.00041087080529681255, 0.9997946279150512
-0.0004067837861553847, 0.9997966701708062
-0.00040273740916657585, 0.9997986921303128
-0.0003987312704200503, 0.9998006939950347
-0.00039476497001480343, 0.9998026759644403
-0.0003908381120194364, 0.9998046382360231
-0.00038695030443287176, 0.9998065810053207
-0.00038310115914541934, 0.999808504465934
-0.0003792902919002236, 0.9998104088095465
-0.0003755173222551242, 0.9998122942259433
-0.0003717818735448526, 0.9998141609030298
-0.00036808357284364573, 0.9998160090268496
-0.0003644220509281815, 0.999817838781604
-0.00036079694224091033, 0.9998196503496691
-0.0003572078848537476, 0.9998214439116144
-0.0003536545204320951, 0.9998232196462205
-0.00035013649419926574, 0.9998249777304965
-0.00034665345490121277, 0.999826718339698
-0.00034320505477163435, 0.9998284416473441
-0.0003397909494974177, 0.999830147825234
-0.0003364107981844097, 0.9998318370434651
-0.00033306426332354797, 0.9998335094704489
-0.00032975101075731483, 0.9998351652729279
-0.000326470709646514, 0.9998368046159921
-0.00032322303243738706, 0.9998384276630954
-0.0003200076548290562, 0.9998400345760715
-0.0003168242557412722, 0.9998416255151503
-0.000313672517282506, 0.9998432006389734
-0.000310552124718335, 0.9998447601046095
-0.0003074627664401419, 0.999846304067571
-0.0003044041339341323, 0.9998478326818282
-0.00030137592175066494, 0.9998493460998249
-0.0002983778274738523, 0.999850844472494
-0.0002954095516915084, 0.9998523279492716
-0.0002924707979653496, 0.9998537966781125
-0.00028956127280151817, 0.9998552508055044
-0.0002866806856213905, 0.9998566904764824
-0.0002838287487326521, 0.9998581158346437
-0.00028100517730070274, 0.9998595270221614
-0.0002782096893203072, 0.9998609241797989
-0.0002754420055875312, 0.9998623074469235
-0.00027270184967197186, 0.9998636769615206
-0.00026998894788924505, 0.9998650328602069
-0.000267303029273757, 0.9998663752782444
-0.00026464382555173305, 0.9998677043495534
-0.00026201107111452696, 0.9998690202067259
-0.0002594045029921735, 0.9998703229810388
-0.0002568238608272322, 0.9998716128024672
-0.0002542688868488671, 0.9998728897996964
-0.0002517393258471834, 0.9998741541001354
-0.0002492349251478308, 0.9998754058299294
-0.00024675543458684696, 0.9998766451139722
-0.00024430060648575683, 0.9998778720759185
-0.00024187019562690176, 0.9998790868381963
-0.00023946395922904914, 0.9998802895220187
-0.00023708165692319996, 0.9998814802473966
-0.00023472305072867045, 0.9998826591331502
-0.00023238790502937492, 0.9998838262969204
-0.00023007598655038972, 0.999884981855181
-0.0002277870643347009, 0.9998861259232502
-0.00022552090972022265, 0.9998872586153016
-0.00022327729631700308, 0.9998883800443763
-0.00022105599998470046, 0.9998894903223933
-0.0002188567988102401, 0.999890589560161
-0.00021667947308573118, 0.9998916778673883
-0.00021452380528656778, 0.9998927553526952
-0.00021238958004975855, 0.9998938221236237
-0.00021027658415248215, 0.9998948782866485
-0.0002081846064908438, 0.9998959239471877
-0.0002061134380588539, 0.999896959209613
-0.0002040628719275836, 0.99989798417726
-0.00020203270322457015, 0.9998989989524387
-0.00020002272911339575, 0.9999000036364438
-0.000198032748773478, 0.9999009983295643
-0.0001960625633800582, 0.9999019831310936
-0.00019411197608439068, 0.9999029581393397
-0.00019218079199413707, 0.9999039234516347
-0.00019026881815392693, 0.9999048791643442
-0.00018837586352614746, 0.9999058253728775
-0.0001865017389718858, 0.9999067621716964
-0.00018464625723210032, 0.9999076896543251
-0.00018280923290894466, 0.9999086079133591
-0.00018099048244728244, 0.9999095170404748
-0.00017918982411641374, 0.9999104171264382
-0.00017740707799194025, 0.9999113082611144
-0.00017564206593784562, 0.9999121905334759
-0.00017389461158872493, 0.999913064031612
-0.00017216454033221543, 0.9999139288427371
-0.0001704516792915868, 0.9999147850531999
-0.00016875585730850157, 0.9999156327484915
-0.00016707690492595573, 0.9999164720132542
-0.00016541465437139302, 0.9999173029312896
-0.00016376893953995789, 0.9999181255855671
-0.00016213959597795313, 0.9999189400582326
-0.0001605264608664364, 0.9999197464306157
-0.0001589293730049797, 0.9999205447832384
-0.00015734817279560234, 0.9999213351958235
-0.0001557827022268532, 0.9999221177473014
-0.00015423280485805935, 0.9999228925158192
-0.00015269832580372747, 0.9999236595787474
-0.00015117911171808399, 0.9999244190126882
-0.00014967501077979908, 0.9999251708934831
-0.00014818587267683217, 0.9999259152962202
-0.00014671154859145427, 0.9999266522952419
-0.00014525189118539533, 0.9999273819641521
-0.0001438067545851511, 0.9999281043758236
-0.00014237599436743922, 0.9999288196024054
-0.0001409594675447906, 0.9999295277153298
-0.00013955703255128307, 0.9999302287853196
-0.00013816854922842764, 0.999930922882395
-0.00013679387881118665, 0.9999316100758807
-0.00013543288391412028, 0.9999322904344127
-0.00013408542851769956, 0.9999329640259451
-0.00013275137795472347, 0.9999336309177572
-0.00013143059889689224, 0.9999342911764597
-0.00013012295934150542, 0.9999349448680016
-0.0001288283285982919, 0.9999355920576767
-0.00012754657727636134, 0.9999362328101302
-0.0001262775772713151, 0.999936867189365
-0.00012502120175244755, 0.9999374952587483
-0.00012377732515010328, 0.9999381170810173
-0.00012254582314313867, 0.9999387327182863
-0.00012132657264652194, 0.9999393422320523
-0.00012011945179905836, 0.9999399456832013
-0.0001189243399512159, 0.9999405431320143
-0.0001177411176530932, 0.9999411346381735
-0.00011656966664250548, 0.9999417202607679
-0.00011540986983317805, 0.9999423000582995
-0.00011426161130306464, 0.9999428740886891
-0.00011312477628277334, 0.9999434424092816
-0.0001119992511441105, 0.9999440050768524
-0.00011088492338876335, 0.9999445621476128
-0.00010978168163704519, 0.9999451136772153
-0.00010868941561679307, 0.9999456597207593
-0.00010760801615235932, 0.9999462003327971
-0.00010653737515371742, 0.9999467355673386
-0.00010547738560567205, 0.999947265477857
-0.00010442794155718013, 0.9999477901172938
-0.00010338893811076902, 0.9999483095380651
-0.0001023602714120761, 0.9999488237920656
-0.00010134183863947516, 0.9999493329306743
-0.00010033353799381722, 0.9999498370047597
-9.933526868826162e-05, 0.9999503360646846
-9.834693093822497e-05, 0.9999508301603115
-9.736842595141348e-05, 0.9999513193410072
-9.639965591796626e-05, 0.9999518036556481
-9.544052400069225e-05, 0.9999522831526244
-9.449093432539399e-05, 0.9999527578798457
-9.355079197130578e-05, 0.9999532278847454
-9.262000296161171e-05, 0.9999536932142852
-9.169847425406774e-05, 0.9999541539149605
-9.078611373171397e-05, 0.9999546100328041
-8.988283019367022e-05, 0.9999550616133914
