1.0, 1.0
1.0098990100989902, 0.9899010098990101
1.019696050592921, 0.9797040493930809
1.0293901520716444, 0.9694101478723643
1.0389803555148167, 0.9590203443172162
1.04846571238675, 0.9485356871933486
1.0578452847302104, 0.9379572343460465
1.067118145259145, 0.927286052893455
1.0762833774503344, 0.9165232191189517
1.0853400756339604, 0.9056698183626122
1.0942873450830783, 0.8947269449117814
1.103124302101986, 0.8836957018907615
1.1118500741134822, 0.8725772011496267
1.120463799745004, 0.8613725631521766
1.1289646289136344, 0.8500829168630402
1.1373517229099739, 0.8387093996339404
1.1456242544808652, 0.8272531570891317
1.1537814079109654, 0.815715343010022
1.1618223791031552, 0.8040971192189905
1.1697463756577793, 0.7923996554624128
1.1775526169507085, 0.7806241292929056
1.1852403342102165, 0.7687717259508033
1.1928087705926653, 0.7568436382448767
1.2002571812569882, 0.7448410664323069
1.2075848334379675, 0.7327652180979272
1.214791006518295, 0.7206173080327442
1.2218749920994125, 0.70839855811175
1.228836094071123, 0.6961101971710387
1.2356736286799652, 0.683753460884239
1.242386924596348, 0.6713295916382755
1.2489753229804326, 0.6588398384084713
1.2554381775467627, 0.6462854566330036
1.26177485462763, 0.6336677080867273
1.2679847332351737, 0.6209878607543756
1.2740672051222053, 0.6082471887031535
1.2800216748417526, 0.5954469719547361
1.2858475598053194, 0.5825884963566829
1.2915442903398522, 0.5696730534532843
1.2971113097434106, 0.5567019403558502
1.302548074339535, 0.5436764596124549
1.3078540535303065, 0.5305979190771518
1.3130287298480932, 0.5174676317786708
1.3180715990059793, 0.504286915788611
1.3229821699468707, 0.4910570940891423
1.3277599648912728, 0.4777794944402295
1.3324045193837366, 0.4644554492463921
1.336915382337967, 0.45108629542301243
1.3412921160805888, 0.43767337426220654
1.3455342963935715, 0.4242180312982708
1.3496415125552985, 0.4107216161727178
1.3536133673802877, 0.3971854824989149
1.357449477257551, 0.3836109877263394
1.3611494721875956, 0.3699994930044634
1.3647129958180584, 0.3563523630462828
1.3681397054779734, 0.3426709659915031
1.3714292722106673, 0.3289566732693964
1.3745813808052807, 0.31521085946134364
1.3775957298269113, 0.3014349021630745
1.3804720316453774, 0.28763018184662076
1.3832100124625972, 0.27379808172199477
1.3858094123385833, 0.2599399875986089
1.3882699852160476, 0.24605728774644844
1.3905914989436177, 0.23215137275701225
1.3927737352976581, 0.21822363540403567
1.3948164900026983, 0.20427547050400868
1.396719572750463, 0.19030827477650403
1.3984828072175064, 0.17632344670432895
1.4001060310814415, 0.16232238639351454
1.401589096035773, 0.14830649543315683
1.4029318678033242, 0.13427717675512357
1.4041342261482606, 0.12023583449364096
1.4051960648867083, 0.10618387384477387
1.4061172918959663, 0.0921227009258142
1.4068978291223122, 0.07805372263459108
1.4075376125873993, 0.06397834650871707
1.408036592393247, 0.0498979805847846
1.4083947327258222, 0.03581403325752637
1.4086120118572116, 0.021727913138954252
1.4086884221463865, 0.007641028917490385
1.4086239700385574, -0.00644521078289519
1.408418676063122, -0.020529397543526413
1.4080725748302039, -0.03461012329182845
1.4075857150257831, -0.04868598044208628
1.4069581594054217, -0.0627555620361405
1.4061899847865815, -0.0768174618840063
1.4052812820395375, -0.09087027470440168
1.4042321560768858, -0.10491259626517054
1.40304272584165, -0.11894302352358704
1.4017131242939846, -0.1329601547665269
1.4002434983964798, -0.1469625897504917
1.3986340090980651, -0.16094892984147235
1.3968848313165185, -0.17491777815463755
1.39499615391958, -0.18886773969383336
1.3929681797046713, -0.20279742149088006
1.3908011253772248, -0.21670543274465232
1.3884952215276256, -0.23059038495992856
1.3860507126067656, -0.2444508920859962
1.3834678569002157, -0.25828557065499835
1.3807469265010157, -0.27209303992000855
1.3778882072810874, -0.2858719219928194
1.374891998861273, -0.29962084198143213
1.3717586145800005, -0.3133384281272321
1.3684883814605822, -0.3270233119418379
1.365081640177146, -0.3406741283436094
1.3615387450192078, -0.3542895157938014
1.3578600638548843, -0.36786811643235023
1.3540459780927514, -0.3814085762132778
1.3500968826423543, -0.3949095450397013
1.34601318587337, -0.408369676898435
1.3417953095734283, -0.42178762999416924
1.3374436889045962, -0.4351620668832152
1.332958772358528, -0.44849165460680046
1.328341021710289, -0.46177506482390335
1.3235909119708527, -0.4750109739436119
1.3187089313382827, -0.4881980632569948
1.313695581147598, -0.5013350190684708
1.3085513758193315, -0.5144205328266641
1.3032768428067842, -0.5274533012547319
1.2978725225419827, -0.5404320264801517
1.2923389683803432, -0.5533554161639551
1.2866767465440492, -0.5662221836293956
1.2808864360641488, -0.579031047990037
1.2749686287213762, -0.5917807342772508
1.268923928985705, -0.6044699735671079
1.2627529539546385, -0.6170975031066542
1.256456333290243, -0.6296620664395566
1.2500347091549318, -0.6421624135311059
1.243488736146006, -0.6545973008925661
1.2368190812289577, -0.6669654917048556
1.2300264236695422, -0.6792657559415511
1.2231114549646303, -0.6914968704911975
1.2160748787718412, -0.7036576192789159
1.208917410837968, -0.7157467933872955
1.2016397789262026, -0.7277631911765575
1.1942427227421628, -0.7397056184039792
1.1867269938587373, -0.7515728883425665
1.1790933556397476, -0.7633638218989639
1.1713425831624418, -0.7750772477305883
1.163475463138822, -0.7867120023619765
1.1554927938358188, -0.7982669303003347
1.1473953849943161, -0.8097408841502779
1.1391840577470387, -0.8211327247277483
1.1308596445353076, -0.8324413211731014
1.122422989024674, -0.8436655510633482
1.1138749460194386, -0.8548043005235425
1.1052163813760656, -0.8658564643373031
1.096448171915501, -0.8768209460564582
1.0875712053344029, -0.8876966581098023
1.0785863801152933, -0.8984825219109552
1.0694946054356402, -0.9091774679653115
1.0602968010758793, -0.9197804359760703
1.050993897326386, -0.9302903749493342
1.0415868348934034, -0.9407062432982681
1.0320765648039403, -0.9510270089463075
1.0224640483096463, -0.961251649429404
1.0127502567896733, -0.9713791519973007
1.002936171652535, -0.9814085137138261
0.9930227842369729, -0.9913387415561957
0.9830110957118396, -1.001168852513314
0.972902116975009, -1.010897873683064
0.9626968685513232, -1.0205248423685773
0.9523963804895884, -1.0300488061734732
0.9420016922586278, -1.0394688230960594
0.931513852642403, -1.0487839616224834
0.9209339196342148, -1.0579933008188256
0.9102629603299934, -1.0670959304221255
0.8995020508206901, -1.0760909509303322
0.8886522760837784, -1.0849774736911701
0.8777147298738793, -1.0937546209899087
0.866690514612519, -1.102421526136034
0.855580741277031, -1.1109773335488042
0.844386529288614, -1.1194211988416902
0.8331090063995571, -1.127752288905686
0.8217493085796422, -1.1359697819914822
0.8103085799017372, -1.1440728677904994
0.7987879724265895, -1.1520607475147653
0.7871886460868331, -1.1599326339756335
0.7755117685702198, -1.1676877516613358
0.7637585152020862, -1.1753253368133565
0.7519300688270699, -1.1828446375016273
0.7400276196900847, -1.190244913698528
0.7280523653165677, -1.1975254373516937
0.7160055103920115, -1.2046854924556138
0.7038882666407913, -1.2117243751220217
0.6917018527043006, -1.2186413936490645
0.6794474940184081, -1.2254358685892486
0.6671264226902466, -1.232107132816151
0.6547398773743476, -1.2386545315898945
0.6422891031481338, -1.2450774226213759
0.6297753513867813, -1.2513751761352436
0.6171998796374651, -1.2575471749316183
0.6045639514929996, -1.2635928144465483
0.5918688364648876, -1.2695115028111972
0.5791158098557901, -1.275302660909755
0.5663061526314295, -1.2809657224360693
0.5534411512919395, -1.2865001339489885
0.5405220977426753, -1.2919053549264152
0.5275502891644948, -1.2971808578180604
0.5145270278835258, -1.3023261280968956
0.5014536212404328, -1.3073406643093
0.48833138145919386, -1.3122239781238918
0.4751616255154034, -1.3169755943790458
0.46194567500411254, -1.3215950511290868
0.4486848560072209, -1.326081899689159
0.4353804989604333, -1.3304357046787634
0.4220339385197937, -1.3346560440639612
0.4086465134278113, -1.3387425091982392
0.395219566379191, -1.342694704862031
0.38175444388618207, -1.3465122493008927
0.36825249614355876, -1.3501947742623284
0.35471507689324616, -1.3537419250312608
0.3411435432886047, -1.3571533604641468
0.3275392557583874, -1.3604287530217307
0.31390357787038303, -1.3635677888004345
0.30023787619475917, -1.366570167562382
0.28654352016711865, -1.3694356027640533
0.272821881951283, -1.372163821583566
0.25907433630181714, -1.3747545649465842
0.24530226042630868, -1.3772075875508474
0.23150703384741544, -1.3795226578893214
0.21769003826469577, -1.3816995582719682
0.20385265741623446, -1.3837380848461305
0.18999627694007915, -1.3856380476155312
0.17612228423550028, -1.3873992704578861
0.162232068324089, -1.389021591141127
0.1483270197107067, -1.390504861338234
0.13440853024429994, -1.391848946640677
0.1204779929785953, -1.3930537265704628
0.1065368020326874, -1.3941190945907895
0.09258635245153435, -1.3950449581153048
0.07862804006637465, -1.3958312385159686
0.06466326135507947, -1.3964778711295192
0.05069341330245403, -1.3969848052625438
0.03671989326050254, -1.3973520041951486
0.02274409880867019, -1.3975794451832353
0.008767427614076428, -1.397667119459376
-0.005208722708246507, -1.3976150322322936
-0.019182954735095934, -1.3974232026849427
-0.03315387137480788, -1.3970916639711946
-0.047120076006919136, -1.3966204632111252
-0.06108017262176821, -1.3960096614849076
-0.07503276596002129, -1.3952593338253072
-0.08897646165210915, -1.394369569208786
-0.10290986635756126, -1.3933404705452104
-0.11683158790422295, -1.392172154666168
-0.1307402354273419, -1.3908647523118947
-0.14463441950851, -1.3894184081168095
-0.15851275231444664, -1.387833280593665
-0.17237384773560974, -1.3861095421163088
-0.18621632152462034, -1.3842473789010625
-0.20003879143448752, -1.3822469909867174
-0.21383987735661902, -1.3801085922131513
-0.22761820145860467, -1.377832410198565
-0.24137238832175814, -1.3754186863153475
-0.25510106507840374, -1.3728676756645635
-0.2688028615488945, -1.3701796470490746
-0.2824764103783474, -1.367354882945291
-0.29612034717308305, -1.36439367947356
-0.30973331063675497, -1.3612963463671925
-0.3233139427061563, -1.358063206940131
-0.33686088868668895, -1.354694598053264
-0.35037279738748284, -1.3511908700793893
-0.36384832125615113, -1.3475523868668278
-0.37728611651316807, -1.343779525701696
-0.3906848432858564, -1.3398726772688376
-0.4040431657419706, -1.335832245611418
-0.4173597522228625, -1.3316586480891894
-0.43063327537621676, -1.3273523153354272
-0.44386241228834217, -1.3229136912125437
-0.457045844616006, -1.3183432327663835
-0.47018225871779806, -1.3136414101792055
-0.4832703457850116, -1.3088087067213554
-0.4963088019720279, -1.303845618701635
-0.5092963285261917, -1.298752655416373
-0.5222316319171637, -1.2935303390972013
-0.5351134239657391, -1.2881792048575438
-0.5479404219721173, -1.2826998006378227
-0.5607113488436113, -1.2770926871493866
-0.573424933221783, -1.2713584378171687
-0.5860799096089937, -1.2654976387210788
-0.598675018494355, -1.2595108885361352
-0.6112090064790684, -1.2533987984713446
-0.6236806264011416, -1.2471619922073331
-0.636088637459469, -1.2408011058327384
-0.6484318053372626, -1.2343167877793657
-0.6607089023248238, -1.2277096987561176
-0.6729187074416408, -1.2209805116817012
-0.6850600065578021, -1.2141299116161233
-0.6971315925147119, -1.207158595690976
-0.7091322652450971, -1.2000672730385251
-0.7210608318922932, -1.1928566647196022
-0.7329161069287963, -1.1855275036503141
-0.744696912274072, -1.1780805345275733
-0.7564020774116065, -1.1705165137534572
-0.7680304395051905, -1.1628362093584053
-0.779580843514423, -1.155040400923261
-0.7910521423094247, -1.1471298795001668
-0.8024431967847478, -1.1391054475323192
-0.8137528759724737, -1.1309679187725945
-0.8249800571544842, -1.1227181182010497
-0.8361236259738973, -1.1143568819413108
-0.8471824765456558, -1.105885057175854
-0.8581555115662577, -1.0973035020601913
-0.8690416424226174, -1.0886130856359653
-0.879839789300047, -1.0798146877429649
-0.8905488812893477, -1.0709091989300714
-0.9011678564929991, -1.0618975203651413
-0.9116956621304375, -1.052780563743837
-0.9221312546424116, -1.043559251197413
-0.9324735997944064, -1.034234515199469
-0.9427216727791231, -1.0248072984716778
-0.952874458318008, -1.0152785538884976
-0.9629309507618168, -1.0056492443808793
-0.9728901541902065, -0.9959203428389772
-0.9827510825103453, -0.9860928320138738
-0.9925127595545286, -0.9761677044183285
-1.0021742191767942, -0.9661459622265605
-1.011734505348525, -0.9560286171730752
-1.0211926722530305, -0.9458166904505448
-1.0305477843790978, -0.9355112126067539
-1.039798916613504, -0.9251132234406187
-1.048945154332477, -0.9146237718972939
-1.0579855934921008, -0.9040439159623729
-1.0669193407176525, -0.8933747225551963
-1.0757455133918652, -0.8826172674212777
-1.0844632397421037, -0.8717726350238566
-1.0930716589264495, -0.8608419184345921
-1.1015699211186836, -0.8498262192234053
-1.1099571875921583, -0.8387266473474837
-1.118232630802553, -0.8275443210394581
-1.1263954344695004, -0.8162803666947631
-1.1344447936570823, -0.8049359187581923
-1.1423799148531788, -0.7935121196096604
-1.1502000160476706, -0.7820101194491836
-1.1579043268094815, -0.7704310761810887
-1.1654920883624562, -0.7587761552974642
-1.172962553660065, -0.7470465297608635
-1.1803149874589278, -0.7352433798862742
-1.1875486663911514, -0.7233678932223627
-1.1946628790354714, -0.711421264432008
-1.2016569259871928, -0.6994046951721361
-1.2085301199269214, -0.6873193939728669
-1.2152817856880813, -0.6751665761159861
-1.221911260323209, -0.6629474635127539
-1.2284178931690195, -0.6506632845810637
-1.2348010459102392, -0.6383152741219613
-1.2410600926421946, -0.6259046731955394
-1.2471944199321567, -0.6134327289962178
-1.253203426879431, -0.6009006947274235
-1.2590865251741878, -0.5883098294756817
-1.2648431391550292, -0.5756613980841314
-1.270472705865284, -0.5629566710254785
-1.275974675108028, -0.5501969242743983
-1.281348509499822, -0.5373834391794
-1.2865936845231638, -0.5245175023341684
-1.2917096885776478, -0.5116004054483919
-1.2966960230298288, -0.4986334452180936
-1.3015522022617836, -0.4856179231954758
-1.3062777537183665, -0.47255514565829215
-1.3108722179531542, -0.45944642347876063
-1.3153351486730747, -0.44629307199202983
-1.3196661127817166, -0.43309641086421263
-1.3238646904213167, -0.41985776395999946
-1.3279304750134155, -0.4065784592098653
-1.3318630732981844, -0.3932598284768834
-1.335662105372416, -0.37990320742315925
-1.339327204726175, -0.3665099353758975
-1.3428580182781062, -0.35308135519311645
-1.3462542064093965, -0.3396188131290225
-1.3495154429963871, -0.3261236586990586
-1.3526414154418334, -0.31259724454464033
-1.3556318247048094, -0.2990409262975922
-1.3584863853292524, -0.2854560624442997
-1.3612048254711484, -0.27184401418958826
-1.363786886924352, -0.2582061453203447
-1.3662323251450408, -0.24454382206889427
-1.3685409092748022, -0.23085841297614623
-1.3707124221623472, -0.21715128875452275
-1.372746660383854, -0.20342382215068422
-1.3746434342619347, -0.18967738780806487
-1.376402567883227, -0.1759133621292326
-1.3780238991146079, -0.1621331231380865
-1.379507279618027, -0.14833805034190625
-1.3808525748639595, -0.13452952459326664
-1.3820596641434777, -0.12070892795183186
-1.3831284405789381, -0.10687764354604247
-1.3840588111332852, -0.09303705543470962
-1.3848506966179706, -0.0791885484685299
-1.3855040316994858, -0.06533350815153505
-1.3860187649045106, -0.05147332050248994
-1.3863948586236732, -0.037609371916253215
-1.3866322891139242, -0.02374304902511397
-1.3867310464995255, -0.009875738560118714
-1.3866911347716495, 0.0039911727875977816
-1.386512571786595, 0.017856298505463733
-1.386195389262614, 0.03171825239808987
-1.3857396327753555, 0.04557564872584342
-1.3851453617519218, 0.05942710234336264
-1.3844126494635418, 0.07327122883799805
-1.3835415830168603, 0.08710664466816664
-1.3825322633438444, 0.10093196730160509
-1.3813848051903093, 0.11474581535350818
-1.3800993371030639, 0.12854680872453883
-1.378676001415677, 0.1423335687386956
-1.3771149542328667, 0.15610471828102426
-1.3754163654135152, 0.1698588819351594
-1.3735804185523084, 0.18359468612068247
-1.3716073109600055, 0.19731075923028252
-1.3694972536423384, 0.2110057317667059
-1.3672504712775435, 0.22467823647948132
-1.3648672021925294, 0.23832690850140661
-1.3623476983376814, 0.25195038548478343
-1.3596922252603076, 0.2655473077373865
-1.3569010620767261, 0.27911631835815376
-1.3539745014430002, 0.29265606337258376
-1.3509128495243221, 0.306165191867827
-1.3477164259630476, 0.31964235612745745
-1.3443855638453885, 0.3330862117659113
-1.3409206096667627, 0.3464954178625789
-1.3373219232958073, 0.35986863709553696
-1.3335898779370583, 0.37320453587490754
-1.3297248600923, 0.3865017844758305
-1.3257272695205895, 0.3997590571710364
-1.3215975191969596, 0.4129750323630059
-1.3173360352698027, 0.4261483927157039
-1.312943257016944, 0.43927782528587334
-1.308419636800405, 0.4523620216538774
-1.3037656400198643, 0.465399678054076
-1.298981745064817, 0.47838949550472415
-1.294068443265443, 0.4913301799373786
-1.289026238842185, 0.5042204423258004
-1.2838556488540416, 0.5170589988143408
-1.2785572031455836, 0.5298445708457967
-1.2731314442926964, 0.5425758852887237
-1.2675789275470546, 0.5552516745641942
-1.2619002207793346, 0.5678706767719875
-1.2560959044211726, 0.5804316358161993
-1.25016657140587, 0.5929333015302579
-1.2441128271078568, 0.6053744298013365
-1.2379352892809152, 0.6177537826941456
-1.2316345879951742, 0.6300701285740974
-1.2252113655728758, 0.6423222422298261
-1.2186662765229253, 0.6545089049950554
-1.211999987474227, 0.6666289048697976
-1.2052131771078183, 0.6786810366408759
-1.1983065360878007, 0.6906641020017539
-1.1912807669910839, 0.7025769096716648
-1.1841365842359435, 0.7144182755140241
-1.1768747140094022, 0.7261870226541182
-1.1694958941934417, 0.7378819815960526
-1.162000874290052, 0.7495019903389532
-1.154390415345128, 0.7610458944924045
-1.1466652898712169, 0.7725125473911166
-1.1388262817691288, 0.783900810208808
-1.1308741862484157, 0.7952095520712921
-1.122809809746728, 0.8064376501687593
-1.1146339698480556, 0.8175839898672399
-1.1063474951998633, 0.8286474648192385
-1.097951225429128, 0.8396269770735297
-1.089446011057287, 0.8505214371841026
-1.0808327134141047, 0.8613297643182436
-1.0721122045504672, 0.8720508863637483
-1.0632853671501146, 0.8826837400352494
-1.054353094440318, 0.8932272709796526
-1.0453162901015114, 0.9036804338806677
-1.0361758681758872, 0.9140421925624265
-1.0269327529749654, 0.9243115200921761
-1.017587878986145, 0.9344873988820375
-1.0081421907782468, 0.94456882078982
-0.9985966429060581, 0.9545547872188805
-0.9889521998138879, 0.9644443092170194
-0.9792098357381439, 0.9742364075744009
-0.969370534608939, 0.9839301129204903
-0.9594352899507389, 0.9935244658199976
-0.9494051047820607, 1.0030185168678183
-0.9392809915142312, 1.0124113267829606
-0.9290639718492166, 1.0217019665014528
-0.9187550766765344, 1.0308895172682182
-0.9083553459692554, 1.0399730707279107
-0.8978658286791082, 1.048951729014702
-0.8872875826306982, 1.0578246048410087
-0.8766216744148466, 1.0665908215851572
-0.865869179281067, 1.0752495133779678
-0.8550311810291843, 1.0837998251882597
-0.8441087719001117, 1.0922409129072608
-0.8331030524657925, 1.1005719434319186
-0.8220151315183214, 1.1087920947471017
-0.8108461259582546, 1.1169005560066843
-0.7995971606821195, 1.1248965276135052
-0.7882693684691375, 1.1327792212981966
-0.7768638898671688, 1.1405478601968682
-0.7653818730778923, 1.148201678927647
-0.7538244738412316, 1.1557399236660593
-0.7421928553190391, 1.1631618522192495
-0.7304881879780487, 1.17046673409903
-0.7187116494721112, 1.177653850593751
-0.7068644245237212, 1.1847224948389883
-0.6949477048048509, 1.1916719718870368
-0.6829626888170988, 1.1985015987752077
-0.6709105817711696, 1.2052107045929195
-0.6587925954656938, 1.2117986305475765
-0.6466099481654015, 1.2182647300292304
-0.6343638644786613, 1.224608368674017
-0.6220555752343977, 1.230828924426361
-0.6096863173583983, 1.236925787599945
-0.597257333749024, 1.2428983609374353
-0.5847698731523344, 1.2487460596689586
-0.5722251900366412, 1.254468311569325
-0.5596245444665012, 1.26006455701399
-0.5469692019761637, 1.2655342490337516
-0.534260433442482, 1.2708768533681762
-0.5214995149573045, 1.2760918485177493
-0.508687727699357, 1.281178725794743
-0.495826357805629, 1.286136989372799
-0.4829166962422768, 1.2909661563352217
-0.46996003867505703, 1.2956657567219723
-0.45695768533930337, 1.3002353335753654
-0.44391094090945876, 1.30467444298446
-0.4308211143681774, 1.3089826541281417
-0.41768951887500844, 1.313159549316892
-0.40451747163467605, 1.3172047240332387
-0.3913062937649671, 1.3211177869708886
-0.3780573101642418, 1.324898360072531
-0.36477184937857865, 1.3285460785663168
-0.3514512434685686, 1.3320605910010024
-0.33809682787577094, 1.3354415592797602
-0.32470994128884445, 1.3386886586926487
-0.311291925509367, 1.3418015779477424
-0.2978441253173579, 1.3447800192009158
-0.28436788833651505, 1.3476236980842808
-0.2708645648991823, 1.3503323437332726
-0.25733550791105847, 1.352905698812383
-0.2437820727156631, 1.3553435195395398
-0.23020561695857183, 1.3576455757091257
-0.21660750045143545, 1.35981165071364
-0.20298908503579546, 1.361841541563998
-0.18935173444671083, 1.363735058908465
-0.17569681417620855, 1.365492027050227
-0.16202569133657263, 1.367112283963593
-0.14833973452348434, 1.3685956813088278
-0.13464031367902815, 1.369942084445618
-0.12092879995457652, 1.3711513724451638
-0.10720656557356753, 1.3722234381008995
-0.0934749836941891, 1.3731581879378414
-0.07973542827198349, 1.3739555422205614
-0.06598927392238564, 1.3746154349597852
-0.05223789578320947, 1.3751378139176174
-0.03848266937709559, 1.3755226406113883
-0.024724970473934314, 1.3757698903161277
-0.010966174953277707, 1.3758795520656606
0.0027923413332455755, 1.3758516286523281
0.01654920269949891, 1.375686136625333
0.030303033762376003, 1.375383106287709
0.04405245957929516, 1.374942581691916
0.05779610578563576, 1.3743646206340596
0.07153259873210314, 1.3736492946467385
0.08526056562200833, 1.3727966889905183
0.09897863464844867, 1.3718069026440338
0.11268543513137587, 1.3706800482927202
0.12637959765453763, 1.3694162523161748
0.14005975420227915, 1.368015654774152
0.15372453829619104, 1.3664784093911901
0.16737258513158979, 1.3648046835398744
0.18100253171381717, 1.3629946582227361
0.19461301699434508, 1.3610485280527926
0.20820268200667233, 1.3589665012327259
0.2217701700019994, 1.3567487995327057
0.235314126584668, 1.354395658266859
0.24883319984735183, 1.3519073262683854
0.26232604050598507, 1.3492840658633254
0.2757913020344149, 1.3465261528429813
0.28922764079876484, 1.3436338764349935
0.3026337161914956, 1.3406075392730785
0.31600819076514985, 1.337447457365427
0.32934973036576753, 1.3341539600617691
0.3426570042659586, 1.3307273900191094
0.3559286852976199, 1.3271681031661333
0.3691634499842828, 1.3234764686662905
0.38235997867307836, 1.3196528688795597
0.39551695566630735, 1.3156976993228966
0.408633069352601, 1.3116113686293707
0.42170701233766095, 1.307394298505994
0.43473748157456343, 1.3030469236902484
0.44772317849361654, 1.2985696919053122
0.46066280913175645, 1.2939630638139947
0.47355508426147025, 1.28922751297138
0.4863987195192321, 1.2843635257761874
0.4991924355334406, 1.279371601420853
0.511934958051844, 1.2742522518403345
0.5246250180684404, 1.26900600165965
0.5372613519498419, 1.2636333881401516
0.5498427015610873, 1.2581349611245407
0.5623678143908936, 1.2525112829806317
0.5748354436763322, 1.2467629285438684
0.5872443485269182, 1.2408904850585991
0.5995932940480994, 1.2348945521181183
0.6118810514641342, 1.2287757416034768
0.624106398240345, 1.2225346776210735
0.6362681182047353, 1.2161719964390263
0.6483650016689586, 1.2096883464223367
0.6603958455486271, 1.2030843879668505
0.6723594534829472, 1.196360793432021
0.6842546359536721, 1.1895182470724843
0.6960802104033565, 1.1825574449684508
0.7078350013529058, 1.1754790949549219
0.7195178405184031, 1.1682839165497378
0.7311275669272077, 1.1609726408804657
0.742663027033309, 1.1535460106101327
0.7541230748319271, 1.1460047798618134
0.7655065719733478, 1.1383497141420797
0.7768123878759811, 1.1305815902633198
0.7880393998386304, 1.1227011962649336
0.7991864931519644, 1.1147093313334138
0.8102525612091777, 1.106606805721322
0.8212365056158293, 1.0983944406651636
0.8321372362988511, 1.090073068302175
0.8429536716147114, 1.081643531586028
0.853684738456726, 1.0731066842014607
0.8643293723615044, 1.0644633904778456
0.8748865176145214, 1.0557145253017002
0.8853551273548029, 1.046860974028152
0.8957341636787165, 1.0379036323913648
0.9060225977428559, 1.0288434064139362
0.9162194098660086, 1.019681212315276
0.9263235896301983, 1.010417976418974
0.93633413598079, 1.001054635059166
0.946250057325649, 0.9915921344859095
0.9560703716333449, 0.9820314307695761
0.9657941065303876, 0.9723734897042722
0.9754202993974905, 0.9626192867102973
0.9849479974648471, 0.9527698067356488
0.9943762579064128, 0.9428260441565847
1.0037041479331852, 0.9327890026772527
1.0129307448854692, 0.922659695228398
1.0220551363241208, 0.9124391438651567
1.0310764201207603, 0.9021283796639491
1.039993704546945, 0.8917284426184796
1.0488061083622935, 0.8812403815348566
1.057512760901552, 0.870665253925841
1.0661128021605943, 0.8600041259042351
1.0746053828813487, 0.8492580720754217
1.0829896646356392, 0.8384281754290653
1.091264819907939, 0.8275155272299859
1.0994300321770212, 0.8165212269082156
1.1074844959965038, 0.8054463819482506
1.1154274170742788, 0.7942921077775077
1.123258012350819, 0.7830595276539994
1.1309755100763512, 0.771749772553236
1.138579149886895, 0.760363981054367
1.1460681828791506, 0.7489032992255754
1.1534418716842378, 0.7373688805087331
1.1606994905402712, 0.7257618856033303
1.1678403253637681, 0.7140834823496927
1.174863673819883, 0.7023348456114937
1.1817688453914588, 0.6905171571575791
1.1885551614468899, 0.6786316055431102
1.1952219553067902, 0.6666793859900423
1.2017685723094598, 0.6546617002669477
1.2081943698751416, 0.6425797565681962
1.2144987175690667, 0.6304347693925055
1.2206809971632755, 0.6182279594208727
1.2267406026972145, 0.6059605533939006
1.2326769405370999, 0.5936337839885296
1.2384894294340418, 0.5812488896941892
1.2441775005809257, 0.5688071146883799
1.2497405976680427, 0.5563097087116994
1.255178176937466, 0.5437579269423247
1.2604897072361654, 0.531153029869963
1.265674670067858, 0.5184962831692844
1.2707325596435866, 0.5057889575728486
1.275662882931022, 0.4930323287435383
1.280465159702487, 0.48022767714651343
1.2851389225816938, 0.46737628792069646
1.289683717089192, 0.45447945074980456
1.2940991016865213, 0.4415384597329393
1.2983846478190688, 0.42855461325474864
1.3025399399576205, 0.41552921385517244
1.3065645756386082, 0.40246356809878636
1.3104581655030456, 0.38935898644375594
1.3142203333341496, 0.3762167831104144
1.3178507160936443, 0.36303827594947796
1.3213489639567433, 0.3498247863099105
1.3247147403458077, 0.3365776389064524
1.3279477219626759, 0.3232981616868256
1.3310475988196622, 0.309987685698629
1.3340140742692215, 0.2966475449559368
1.3368468650322776, 0.28327907630561405
1.3395457012252112, 0.2698836192933619
1.3421103263855063, 0.2564625160295068
1.3445404974960518, 0.2430171110545463
1.3468359850080964, 0.22954875120446533
1.3489965728628548, 0.2160587854758368
1.351022058511762, 0.20254856489071915
1.3529122529353756, 0.1890194423613654
1.354666980660923, 0.17547277255475616
1.3562860797784928, 0.16190991175697123
1.3577694019558668, 0.14833221773741254
1.3591168124519957, 0.13474104961289257
1.3603281901291115, 0.12113776771160147
1.3614034274634812, 0.10752373343696664
1.3623424305547953, 0.09390030913141868
1.3631451191341961, 0.08026885794007672
1.3638114265709396, 0.06663074367436733
1.3643412998776954, 0.05298733067559038
1.3647346997144798, 0.039339983678445586
1.3649916003912252, 0.02569006767453333
1.3651119898689836, 0.01203894777584349
1.3650958697597662, -0.0016120109217541718
1.3649432553250163, -0.015261443475004334
1.3646541754727188, -0.028907985229731523
1.364228672753146, -0.042550271957262985
1.363666803353238, -0.05618693999079537
1.362968637089621, -0.06981662636169157
1.362134257400264, -0.08343796893569422
1.3611637613347736, -0.09704960654904195
1.360057259543329, -0.11065017914447524
1.3588148762642578, -0.12423832790711782
1.3574367493102557, -0.13781269540022037
1.355923030053248, -0.15137192570075284
1.3542738834078996, -0.16491466453483183
1.3524894878137699, -0.17843955941296952
1.3505700352161185, -0.19194525976513072
1.3485157310453626, -0.20543041707558435
1.3463267941951873, -0.2188936850175362
1.344003456999312, -0.23233371958752932
1.3415459652069162, -0.24574917923959846
1.3389545779567245, -0.25913872501916574
1.336229567749758, -0.2725010206966633
1.3333712204207493, -0.2858347329008708
1.3303798351082299, -0.29913853125195305
1.327255724223288, -0.3124110884941859
1.3239992134170044, -0.32565108062835596
1.3206106415465662, -0.3388571870438216
1.317090360640064, -0.3520280906502222
1.3134387358599755, -0.365162478008822
1.3096561454653408, -0.3782590394634754
1.3057429807726286, -0.3913164692712017
1.301699646115305, -0.40433346573235474
1.2975265588021012, -0.4173087313203757
1.2932241490739902, -0.4302409728111156
1.288792860059873, -0.44312890141171435
1.2842331477309827, -0.45597123288902414
1.279545480854007, -0.4687666876975642
1.2747303409429371, -0.48151399110699356
1.2697882222096464, -0.49421187332909006
1.264719631513204, -0.5068590696442221
1.259525088307931, -0.5194543205273014
1.254205124590199, -0.5319963717732035
1.2487602848439825, -0.5444839746216433
1.2431911259851676, -0.5569158858814951
1.237498217304622, -0.5692908680545413
1.2316821404100355, -0.5816076894586416
1.2257434891665324, -0.5938651243503069
1.2196828696360658, -0.6060619530466675
1.2135009000155974, -0.6181969620468235
1.2071982105740717, -0.6302689441525642
1.2007754435881872, -0.642276698588446
1.194233253276975, -0.6542190311212158
1.1875723057351892, -0.6660947541785677
1.180793278865517, -0.6779026869672228
1.1738968623096138, -0.6896416555903189
1.1668837573779727, -0.7013104931640987
1.159754676978634, -0.712908039933885
1.1525103455447405, -0.7244331433893324
1.145151498960951, -0.7358846583789419
1.1376788844887127, -0.747261447223829
1.1300932606904055, -0.758562379830733
1.122395397352363, -0.7697863338042567
1.1145860754067798, -0.7809321945583245
1.1066660868525113, -0.7919988554268496
1.0986362346747753, -0.8029852177735972
1.0904973327637628, -0.8138901911012348
1.0822502058321672, -0.8247126931595565
1.0738956893316385, -0.8354516500528729
1.065434629368173, -0.8461059963465547
1.0568678826164457, -0.8566746751727191
1.0481963162330952, -0.8671566383350501
1.0394208077689677, -0.8775508464127397
1.0305422450803323, -0.8878562688635431
1.0215615262390731, -0.8980718841259338
1.0124795594418696, -0.9081966797203525
1.0032972629183743, -0.9182296523495361
0.9940155648383951, -0.92816980799792
0.9846354032180942, -0.938016162030101
0.9751577258252107, -0.947767739288353
0.9655834900833188, -0.9574235741891861
0.9559136629751295, -0.9669827108189374
0.9461492209448455, -0.9764442030283859
0.9362911497995817, -0.9858071145263816
0.9263404446098569, -0.9950705189724801
0.9162981096091711, -1.0042335000685718
0.9061651580926762, -1.0132951516494986
0.8959426123149498, -1.022254577772648
0.8856315033868846, -1.0311108928065167
0.8752328711717022, -1.0398632215182337
0.8647477641801019, -1.0485106991600348
0.8541772394645551, -1.0570524715546803
0.8435223625127571, -1.065487695179808
0.832784207140245, -1.0738155372512106
0.8219638553821946, -1.0820351758050326
0.8110623973844059, -1.0901457997788766
0.8000809312934877, -1.0981466090918115
0.7890205631462549, -1.106036814723274
0.7778824067583463, -1.1138156387908575
0.7666675836120764, -1.1214823146269781
0.7553772227435323, -1.1290360868544134
0.7440124606289252, -1.1364762114607025
0.7325744410702111, -1.1438019558714048
0.721064315079989, -1.1510125990222047
0.7094832407656905, -1.1581074314298614
0.6978323832130706, -1.165085755261992
0.6861129143690138, -1.1719468844056822
0.6743260129236647, -1.1786901445349187
0.6624728641918962, -1.1853148731768377
0.6505546599941284, -1.191820419776779
0.638572598536507, -1.198206145762144
0.6265278842904565, -1.2044714246050485
0.6144217278716189, -1.2106156418837648
0.6022553459181893, -1.2166381953429466
0.590029960968663, -1.2225384949526332
0.5777468013390028, -1.2283159629660232
0.5654071009992426, -1.2339700339760156
0.5530120994495374, -1.239500154970511
0.5405630415956728, -1.2449057853864678
0.5280611776240458, -1.250186397162708
0.5155077628761311, -1.2553414747914693
0.5029040577224441, -1.2603705153686937
0.4902513274360135, -1.2652730286430538
0.4775508420653764, -1.2700485370637076
0.46480387630710857, -1.2746965758267788
0.45201170937790297, -1.279216692920558
0.43917562488620876, -1.28360844916942
0.42629691070344417, -1.2878714182764543
0.41337685883479613, -1.2920051868648024
0.40041676528961917, -1.2960093545176985
0.387417929951447, -1.299883533817213
0.3743816564476301, -1.3036273503816893
0.36130925201861136, -1.3072404429018754
0.3482020273868539, -1.310722463175744
0.33506129662543394, -1.3140730761419983
0.3218883770263113, -1.3172919599122614
0.3086845889682919, -1.3203788058019443
0.295451255784694, -1.3233333183597913
0.282189703630733, -1.3261552153960987
0.2689012613506369, -1.328844228009605
0.2555872603445064, -1.3314001006130503
0.24224903443493237, -1.3338225909573995
0.22888791973338504, -1.3361114701547332
0.21550525450638705, -1.338266522699797
0.20210237904148493, -1.3402875464902118
0.1886806355130315, -1.342174352845342
0.1752413678477933, -1.34392676652382
0.16178592159039604, -1.3455446257397239
0.14831564376862194, -1.34702778217741
0.13483188275857197, -1.3483761010049957
0.12133598814970704, -1.349589460886493
0.10782931060978113, -1.3506677539925906
0.09431320174968025, -1.3516108860100873
0.08078901398818056, -1.352418776149969
0.0672581004166392, -1.3530913571541354
0.05372181466363147, -1.3536285753007717
0.04018151075954779, -1.3540303904083673
0.026638543001164, -1.3542967758383788
0.013094265816198589, -1.3544277184965408
-0.0004499663721296062, -1.3544232188328194
-0.013992799280529747, -1.354283290840014
-0.02753287890103978, -1.3540079620510035
-0.04106885163638618, -1.3535972735346395
-0.05459936443528905, -1.3530512798902865
-0.06812306492769915, -1.3523700492410096
-0.08163860155995324, -1.3515536632254102
-0.09514462372983436, -1.3506022169881118
-0.10863978192152332, -1.3495158191688965
-0.12212272784042824, -1.348294591890492
-0.13559211454787837, -1.3469386707450133
-0.14904659659566893, -1.3454482047790566
-0.16248483016044346, -1.3438233564774522
-0.1759054731779002, -1.3420643017456733
-0.18930718547680925, -1.340171229890905
-0.20268862891282702, -1.3381443436017766
-0.21604846750209455, -1.3359838589267554
-0.22938536755460665, -1.3336900052512093
-0.242697997807338, -1.3312630252731357
-0.25598502955711366, -1.3287031749775644
-0.26924513679321, -1.3260107236096321
-0.2824769963296734, -1.3231859536463353
-0.295679287937343, -1.3202291607669618
-0.30885069447556507, -1.3171406538222061
-0.32198990202358474, -1.3139207548019702
-0.33509560001160327, -1.310569798801854
-0.34816648135148665, -1.3070881339883391
-0.36120124256711333, -1.303476121562668
-0.37419858392434757, -1.2997341357234244
-0.38715720956062577, -1.295862563627818
-0.4000758276141425, -1.2918618053516766
-0.412953150352624, -1.2877322738481503
-0.4257878943016753, -1.2834743949051335
-0.4385787803726894, -1.2790886071014067
-0.4513245339903044, -1.2745753617615037
-0.4640238852193975, -1.2699351229093097
-0.47667556889160145, -1.2651683672203937
-0.48927832473133226, -1.2602755839730804
-0.5018308974813149, -1.2552572749982673
-0.5143320370275948, -1.2501139546279914
-0.5267804985240223, -1.2448461496427512
-0.5391750425161982, -1.239454399217589
-0.5515144350648676, -1.2339392548669403
-0.5637974478687501, -1.2283012803882527
-0.5760228583867939, -1.2225410518043847
-0.5881894499598417, -1.2166591573047862
-0.6002960119316963, -1.2106561971854692
-0.6123413397695741, -1.2045327837877735
-0.6243242351839334, -1.198289541435934
-0.6362435062476679, -1.1919271063734573
-0.648097967514651, -1.185446126698311
-0.6598864401376203, -1.1788472622969346
-0.6716077519853911, -1.1721311847770808
-0.683260737759386, -1.1652985773994868
-0.6948442391094699, -1.1583501350083922
-0.7063571047490789, -1.1512865639609013
-0.7177981905696309, -1.144108582055205
-0.7291663597542075, -1.1368169184576629
-0.7404604828904952, -1.129412313628758
-0.7516794380829744, -1.121895519247928
-0.7628221110643473, -1.1142672981372845
-0.7738873953061894, -1.1065284241842226
-0.7848741921288187, -1.0986796822629343
-0.795781410810367, -1.0907218681548307
-0.8066079686950458, -1.0826557884678805
-0.8173527913005945, -1.0744822605548745
-0.8280148124249007, -1.0662021124306253
-0.8385929742517818, -1.0578161826881076
-0.8490862274559172, -1.0493253204135484
-0.859493531306922, -1.040730385100479
-0.8698138537725495, -1.0320322465627534
-0.880046171621015, -1.0232317848465433
-0.8901894705224281, -1.014329890141319
-0.9002427451493263, -1.0053274626898256
-0.9102049992762969, -0.9962254126970627
-0.9200752458786797, -0.9870246602382758
-0.9298525072303395, -0.9777261351659724
-0.9395358150004992, -0.9683307770159675
-0.9491242103496239, -0.9588395349124712
-0.9586167440243462, -0.9492533674722278
-0.9680124764514233, -0.9395732427077135
-0.9773104778307173, -0.9298001379294063
-0.9865098282271887, -0.9199350396471344
-0.9956096176618938, -0.9099789434705154
-1.0046089462019787, -0.8999328540084957
-1.0135069240496588, -0.8897977847679991
-1.0223026716301757, -0.8795747580516973
-1.0309953196787247, -0.86926480485491
-1.039584009326341, -0.8588689647616465
-1.048067892184739, -0.8483882858397992
-1.056446130430094, -0.8378238245354983
-1.0647178968857605, -0.8271766455666406
-1.0728823751039165, -0.8164478218156014
-1.080938759446128, -0.8056384342211401
-1.0888862551628231, -0.7947495716695119
-1.0967240784716712, -0.7837823308847952
-1.1044514566348556, -0.7727378163184466
-1.1120676280352364, -0.7616171400380942
-1.1195718422513923, -0.7504214216155802
-1.126963360131535, -0.7391517880142648
-1.134241453866291, -0.7278093734756019
-1.141405407060341, -0.7163953194049985
-1.1484545148029106, -0.7049107742569694
-1.1553880837371067, -0.6933568934195983
-1.16220543212809, -0.6817348390983173
-1.1689058899300802, -0.6700457801990166
-1.175488798852185, -0.6582908922104947
-1.1819535124230476, -0.6464713570862642
-1.188299396054305, -0.6345883631257212
-1.1945258271028518, -0.6226431048546928
-1.2006321949319056, -0.6106367829053737
-1.2066179009708624, -0.5985706038956651
-1.2124823587739417, -0.5864457803079256
-1.218224994077613, -0.5742635303671495
-1.223845244856799, -0.5620250779185816
-1.2293425613798468, -0.549731652304783
-1.2347164062622684, -0.5373844882421603
-1.239966254519238, -0.5249848256969679
-1.2450915936168458, -0.5125339097607994
-1.2500919235221015, -0.5000329905255784
-1.254966756751682, -0.4874833229580615
-1.2597156184194207, -0.4748861667738673
-1.264338046282531, -0.462242786311042
-1.2688335907865629, -0.4495544504031763
-1.2732018151090838, -0.43682243225208545
-1.2774422952020843, -0.4240480093000646
-1.2815546198331016, -0.4112324631017336
-1.2855383906250564, -0.39837707919548304
-1.2893932220948017, -0.38548314697453506
-1.293118741690378, -0.37255195955763126
-1.2967145898269714, -0.35958481365936157
-1.300180419921573, -0.3465830094601458
-1.3035158984263318, -0.3335478504758825
-1.3067207048606047, -0.3204806434272764
-1.3097945318416933, -0.30738269810885943
-1.3127370851142703, -0.2942553272577167
-1.3155480835784896, -0.2810998464219318
-1.3182272593167772, -0.267917573828764
