1.0, 1.0
1.0099497512562186, 0.9899502512437189
1.0197985100621227, 0.9798015099371272
1.0295452915664531, 0.9695547909289844
1.039189121115426, 0.9592111188655751
1.0487290343501952, 0.9487715280882469
1.058164077303286, 0.9382370625299795
1.0674933064939909, 0.9276087756109932
1.0767157890227128, 0.9168877301334097
1.0858306026642548, 0.9060749981749749
1.0948368359600387, 0.8951716609818535
1.1037335883092505, 0.884178808860507
1.1125199700588964, 0.8730975410686664
1.1211951025927667, 0.8619289657054082
1.1297581184192953, 0.850674199600348
1.1382081612583068, 0.8393343682019601
1.1465443861266418, 0.8279106054650354
1.1547659594226534, 0.8164040537372889
1.1628720590095654, 0.8048158636451278
1.170861874297684, 0.7931471939785916
1.1787346063254542, 0.7813992115754759
1.1864894678393547, 0.7695730912046519
1.194125683372621, 0.757670015448592
1.2016424893227895, 0.745691174585115
1.2090391340280568, 0.7336377664683608
1.2163148778424437, 0.7215109964090083
1.2234689932097575, 0.7093120770537473
1.2305007647363464, 0.6970422282640168
1.2374094892626366, 0.684702676994022
1.244194475933447, 0.6722946571680416
1.2508550462670722, 0.659819409557039
1.2573905342231302, 0.647278181654588
1.2638002862691637, 0.6346722275521265
1.270083661445992, 0.6220028078135508
1.2762400314318054, 0.6092711893491618
1.282268780604996, 0.5964786452889778
1.288169306105718, 0.5836264548554242
1.293941017896172, 0.5707159032354148
1.2995833388196083, 0.5577482814518359
1.3050957046580396, 0.5447248862344476
1.310477564188663, 0.531647019890214
1.3157283792389793, 0.5185159901730758
1.3208476247406107, 0.5053331101531778
1.3258347887818043, 0.4920996980855658
1.330689372658624, 0.4788170772783637
1.335410890924818, 0.4654865759604465
1.3399988714403632, 0.4521095271486206
1.3444528554186779, 0.43868726851432543
1.3487723974724988, 0.42522114224986957
1.3529570656584191, 0.411712494934215
1.3570064415200818, 0.39816267739832256
1.3609201201300236, 0.3845730445900721
1.3646977101301676, 0.3709449554387711
1.3683388337709577, 0.35727977271926553
1.3718431269491322, 0.3435788629156651
1.375210239244134, 0.32984359608469876
1.3784398339531512, 0.3160753457187124
1.3815315881247863, 0.30227548860832265
1.3844851925913515, 0.28844540470474195
1.3873003519997842, 0.2745864769817863
1.3899767848411808, 0.2607000912975815
1.3925142234789485, 0.24678763625598085
1.3949124141755667, 0.2328505030677083
1.3971711171179613, 0.21889008541124066
1.3992901064414847, 0.20490777929344345
1.4012691702525018, 0.19090498290997351
1.4031081106495789, 0.17688309650546313
1.4048067437432736, 0.16284352223349888
1.406364899674523, 0.1487876640164099
1.4077824226316293, 0.13471692740487914
1.4090591708658406, 0.12063271943739179
1.4101950167055253, 0.10653644849953497
1.4111898465689388, 0.09242952418316266
1.4120435609755817, 0.07831335714544006
1.4127560745561476, 0.06418935896778141
1.41332731606106, 0.05005894201469537
1.413757228367596, 0.035923519292552095
1.4140457684856003, 0.021784504308286115
1.4141929075617818, 0.007643310928049204
1.4141986308826011, -0.0064986467641727115
1.4140629378757403, -0.02063995460796442
1.4137858421101608, -0.034779198507893926
1.4133673712947465, -0.048914964574918465
1.4128075672755331, -0.06304583926776987
1.4121064860315227, -0.07717040953430515
1.4112641976690872, -0.0912872629528082
1.410280786414957, -0.10539498787322843
1.409156350607799, -0.11949217355834223
1.407891002688383, -0.13357741032482315
1.4064848691883378, -0.14764928968420676
1.4049380907174982, -0.16170640448373597
1.403250821949844, -0.1757473490470727
1.4014232316080344, -0.1897707193148621
1.3994555024465343, -0.20377511298513495
1.397347831233341, -0.21775912965353433
1.3951004287303064, -0.23172137095335257
1.3927135196720628, -0.24566044069536444
1.3901873427435487, -0.2595749450074425
1.3875221505561417, -0.273463492473941
1.3847182096223978, -0.2873246942748337
1.3817758003294005, -0.3011571643245927
1.3786952169107236, -0.31495951941079336
1.3754767674170074, -0.32873037933243204
1.3721207736851555, -0.34246836703794287
1.3686275713061513, -0.3561721087628994
1.3649975095914997, -0.3698402341673877
1.3612309515382974, -0.3834713764730367
1.3573282737929335, -0.3970641725996929
1.3532898666134263, -0.4106172633017247
1.349116133830398, -0.42412929330394383
1.3448074928066927, -0.4375989114371293
1.3403643743956413, -0.45102477077314096
1.3357872228979775, -0.4644055287596091
1.3310764960174084, -0.47773984735418606
1.3262326648148457, -0.4910263931583474
1.3212562136613002, -0.5042638375507281
1.3161476401894467, -0.5174508568199818
1.310907455243861, -0.5305861322971485
1.3055361828299377, -0.5436683504875175
1.30003436006149, -0.5566962032019747
1.294402537107041, -0.5696683876878174
1.2886412771348066, -0.5825836067590267
1.2827511562563816, -0.5954405689259826
1.2767327634691286, -0.6082379885246102
1.2705867005972808, -0.6209745858449423
1.2643135822317606, -0.6336490872590875
1.2579140356687222, -0.64626022534859
1.2513887008468234, -0.6588067390311677
1.2447382302832333, -0.671287373686818
1.2379632890083827, -0.6837008812832761
1.231064554499462, -0.6960460205008153
1.224042716612676, -0.7083215568563761
1.2168984775142588, -0.7205262628270108
1.2096325516102606, -0.7326589179726334
1.202245665475107, -0.7447183090580602
1.194738557778945, -0.7567032301743305
1.187111979213777, -0.7686124828592942
1.1793666924183932, -0.7804448762174551
1.1715034719021107, -0.7921992270390577
1.1635231039673233, -0.8038743599184048
1.155426386630874, -0.8154691073713959
1.1472141295442555, -0.8269823099522716
1.1388871539126462, -0.8384128163695561
1.1304462924127923, -0.8497594836011834
1.1218923891097423, -0.861021177008796
1.1132262993724422, -0.8721967704512069
1.104448889788201, -0.8832851463970102
1.0955610380760343, -0.8942851960363314
1.0865636329988941, -0.9051958193917061
1.0774575742747952, -0.9160159254280746
1.0682437724868452, -0.926744432161883
1.0589231489921895, -0.9373802667692782
1.049496635829876, -0.9479223656933885
1.0399651756276556, -0.9583696747506761
1.0303297215077203, -0.9687211492363531
1.0205912369913943, -0.9789757540288487
1.0107506959027832, -0.9891324636933196
1.0008090822713955, -0.9991902625841906
0.9907673902337409, -1.0091481449467163
0.9806266239339195, -1.0190051150175548
0.97038779742321, -1.0287601871243406
0.960051934558667, -1.03841238578425
0.949620068900738, -1.047960745801547
0.9390932436099098, -1.0574043123641004
0.9284725113423948, -1.0667421411388618
0.917758934144869, -1.0759732983662982
0.9069535833482686, -1.085096860953764
0.8960575394606607, -1.0941119165678086
0.8850718920591946, -1.1030175637254078
0.8739977396811469, -1.1118129118841096
0.8628361897140708, -1.1204970815310857
0.85158835828506, -1.1290692042710815
0.8402553701491383, -1.1375284229132525
0.8288383585767876, -1.1458738915568822
0.8173384652406233, -1.1541047756759693
0.8057568401012299, -1.1622202522026785
0.7940946412921682, -1.1702195096096457
0.7823530350041643, -1.1781017479911275
0.7705331953684937, -1.185866179142991
0.7586363043395711, -1.1935120266415313
0.7466635515767578, -1.201038525921113
0.734616134325399, -1.2084449243506237
0.7224952572971021, -1.2157304813087362
0.7103021325492686, -1.222894468257968
0.698037979363891, -1.2299361688175339
0.6857040241256284, -1.2368548788349814
0.6733015001991705, -1.2436499064566056
0.6608316478059043, -1.250320572196631
0.6482957138998953, -1.25686620900516
0.635694952043195, -1.2632861623348757
0.6230306222804881, -1.2695797902064943
0.6103039910130907, -1.2757464632729623
0.5975163308723139, -1.2817855648823893
0.5846689205922034, -1.2876964911397117
0.5717630448816695, -1.2934786509670813
0.5587999942960192, -1.2991314661629696
0.5457810651079044, -1.3046543714599894
0.5327075591776973, -1.3100468145814175
0.5195807838233081, -1.3153082562964227
0.506402051689456, -1.3204381704739867
0.49317268061640845, -1.3254360441355162
0.47989399350820017, -1.3303013775061394
0.466567318200346, -1.3350336840646824
0.453193987327061, -1.3396324905923196
0.4397753381879999, -1.344097337219895
0.42631271261453085, -1.3484277774739077
0.41280745683555553, -1.3526233783211583
0.3992609213428895, -1.3566837202120507
0.3856744607562165, -1.3606083971225462
0.37204943368762994, -1.3643970165947654
0.35838720260577495, -1.3680491997762325
0.34468913369960497, -1.3715645814577595
0.3309565967417663, -1.3749428101099663
0.3171909649516243, -1.3781835479184332
0.3033936148579447, -1.381286470817481
0.28956592616124444, -1.384251268522577
0.27570928159582475, -1.3870776445613624
0.2618250667915014, -1.389765316303299
0.24791467013504526, -1.3923140149879318
0.23397948263134677, -1.3947234857517639
0.22002089776431924, -1.3969934876537422
0.20604031135755374, -1.3991237936993517
0.1920391214347404, -1.4011141908633133
0.17801872807986938, -1.4029644801108865
0.1639805332972261, -1.404674476417772
0.14992594087119412, -1.406244008788614
0.13585635622588055, -1.4076729202740996
0.12177318628457677, -1.408961067986652
0.10767783932906991, -1.4101083231147202
0.093571724858818, -1.4111145709356596
0.07945625345000368, -1.4119797108272036
0.06533283661448003, -1.4127036562775261
0.05120288665862294, -1.4132863348938918
0.037067816542104, -1.4137276884098955
0.022929039736598072, -1.414027672691289
0.008787970084439652, -1.4141862577403943
-0.005353978342757835, -1.414203427699103
-0.019495391385505656, -1.4140791808504616
-0.03363485493785219, -1.413813529618845
-0.04777095508878997, -1.413406500568712
-0.06190227826364328, -1.4128581344019497
-0.07602741136542204, -1.4121684859538046
-0.09014494191612805, -1.411337624187397
-0.10425345819799917, -1.4103656321868263
-0.1183515493946776, -1.4092526071488631
-0.13243780573228806, -1.4079986603732284
-0.14651081862041151, -1.4066039172514648
-0.16056918079294083, -1.4050685172543982
-0.17461148644880375, -1.4033926139181894
-0.1886363313925396, -1.4015763748289827
-0.20264231317471523, -1.3996199816061465
-0.21662803123216653, -1.397523629884112
-0.23059208702805115, -1.395287529292811
-0.24453308419169875, -1.3929119034367126
-0.2584496286582446, -1.3903969898724629
-0.2723403288080326, -1.3877430400851316
-0.2862037956057736, -1.3849503194630626
-0.3000386427394456, -1.3820191072713366
-0.3138434867589215, -1.3789496966238448
-0.32761694721431056, -1.3757423944539786
-0.3413576467940001, -1.3723975214839372
-0.35506421146238304, -1.3689154121926552
-0.3687352705972581, -1.3652964147823572
-0.3823694571268885, -1.3615408911437363
-0.395965407666706, -1.3576492168197685
-0.4095217626556456, -1.3536217809681568
-0.42303716649209844, -1.3494589863224182
-0.43651026766946854, -1.3451612491516103
-0.44993971891132006, -1.3407289992187064
-0.46332417730610165, -1.3361626797376194
-0.4766623044414341, -1.3314627473288818
-0.4899527665379484, -1.326629671973985
-0.5031942345826602, -1.321663936968382
-0.5163853844618679, -1.3165660388731595
-0.5295248970935605, -1.3113364874653823
-0.542611458559323, -1.305975805687118
-0.5556437602357243, -1.3004845295931429
-0.5686204989251766, -1.2948632082973384
-0.5815403769862522, -1.2891124039177813
-0.5944021024634437, -1.2832326915205328
-0.607204389216357, -1.2772246590621337
-0.6199459570483217, -1.2710889073308103
-0.6326255318344077, -1.2648260498863966
-0.6452418456488346, -1.2584367129989804
-0.6577936368917608, -1.2519215355862774
-0.6702796504154409, -1.2452811691497416
-0.6826986376497366, -1.2385162777094159
-0.6950493567269713, -1.2316275377375325
-0.7073305726061133, -1.2246156380908673
-0.7195410571962769, -1.2174812799418553
-0.7316795894795285, -1.2102251767084762
-0.7437449556329854, -1.2028480539829136
-0.7557359491501948, -1.1953506494589978
-0.7676513709617819, -1.187733712858438
-0.7794900295553533, -1.1799980058558523
-0.7912507410946454, -1.1721443020026023
-0.8029323295379056, -1.1641733866494397
-0.8145336267554927, -1.156086056867973
-0.8260534726466873, -1.1478831213709622
-0.8374907152556993, -1.1395654004314504
-0.8488442108868602, -1.1311337258007375
-0.8601128242189899, -1.1225889406252083
-0.871295428418926, -1.1139318993620189
-0.8823909052542044, -1.1051634676936533
-0.8933981452048794, -1.096284522441358
-0.9043160475744734, -1.0872959514774612
-0.9151435206000436, -1.0781986536365888
-0.9258794815613554, -1.0689935386257818
-0.9365228568891518, -1.0596815269335293
-0.947072582272508, -1.050263549737721
-0.9575276027652593, -1.0407405488125323
-0.9678868728914931, -1.0311134764342487
-0.9781493567500945, -1.0213832952860409
-0.9883140281183332, -1.011550978361699
-0.9983798705544833, -1.001617508868335
-1.0083458774994651, -0.9915838801280653
-1.0182110523774988, -0.9814510954786805
-1.0279744086957585, -0.9712201681733142
-1.0376349701430205, -0.9608921212791204
-1.0471917706872909, -0.9504679875749689
-1.0566438546724064, -0.9399488094481704
-1.0659902769135985, -0.9293356387902404
-1.0752301027920081, -0.9186295368917123
-1.0843624083481467, -0.9078315743360116
-1.0933862803742886, -0.8969428308923995
-1.1023008165057906, -0.8859643954079991
-1.111105125311325, -0.8748973656989135
-1.119798326382022, -0.8637428484404468
-1.1283795504195062, -0.8525019590564392
-1.136847939322827, -0.8411758216077275
-1.1452026462742644, -0.8297655686797422
-1.1534428358240092, -0.8182723412692507
-1.1615676839737068, -0.8066972886702622
-1.1695763782588535, -0.7950415683590996
-1.1774681178300421, -0.7833063458786551
-1.1852421135330444, -0.7714927947218397
-1.1928975879877246, -0.7596020962142359
-1.2004337756657757, -0.7476354393959684
-1.2078499229672697, -0.7355940209028032
-1.215145288296016, -0.7234790448464868
-1.22231914213372, -0.7112917226943382
-1.2293707671129324, -0.6990332731481049
-1.2362994580887832, -0.6867049220220964
-1.2431045222094967, -0.6743079021206051
-1.249785278985673, -0.6618434531146292
-1.2563410603583356, -0.6493128214179091
-1.2627712107657365, -0.6367172600622889
-1.26907508720891, -0.6240580285724157
-1.275252059315971, -0.6113363928397914
-1.2813015094051508, -0.5985536249961858
-1.2872228325465638, -0.5857110032864272
-1.2930154366226987, -0.5728098119405809
-1.2986787423876294, -0.5598513410455292
-1.3042121835249367, -0.5468368864159665
-1.3096152067043405, -0.5337677494648202
-1.3148872716370301, -0.5206452370731133
-1.3200278511296921, -0.5074706614592797
-1.3250364311372282, -0.49424534004794507
-1.3299125108141587, -0.48097059533818814
-1.334655602564706, -0.46764775477129383
-1.3392652320915526, -0.4542781505980126
-1.3437409384432693, -0.4408631197453385
-1.34808227406041, -0.4274040036828201
-1.352288804820266, -0.41390214828841676
-1.3563601100802773, -0.400358903713914
-1.3602957827200963, -0.3867756242499122
-1.3640954291822978, -0.37315366819040025
-1.3677586695117343, -0.3594943976969301
-1.3712851373935309, -0.3457991786624038
-1.374674480189715, -0.33206938057448754
-1.3779263589744808, -0.3183063763786666
-1.3810404485680787, -0.30451154234095384
-1.3840164375693347, -0.2906862579102668
-1.3868540283867883, -0.2768319055804862
-1.3895529372684519, -0.26294987075221
-1.392112894330184, -0.24904154159421685
-1.394533643582678, -0.23510830890465256
-1.3968149429570609, -0.22115156597195387
-1.3989565643290982, -0.2071727084355231
-1.4009582935420066, -0.1931731341461676
-1.402819930427869, -0.17915424302631824
-1.4045412888276507, -0.16511743693004063
-1.4061221966098152, -0.1510641195028533
-1.4075624956875363, -0.13699569604136655
-1.4088620420345068, -0.12291357335275632
-1.4100207056993408, -0.10881915961408709
-1.4110383708185685, -0.09471386423149754
-1.4119149356282223, -0.08059909769926359
-1.4126503124740124, -0.06647627145875241
-1.4132444278200924, -0.05234679775728189
-1.4136972222564133, -0.03821208950689936
-1.4140086505046632, -0.024073560143093975
-1.414178681422796, -0.00993262348345668
-1.4142072980081446, 0.004209306413698023
-1.4140944973991223, 0.01835081539073436
-1.4138402908755079, 0.03249048933210751
-1.4134447038573184, 0.04662691430577164
-1.4129077759022666, 0.060758676704569574
-1.4122295607018056, 0.07488436338758994
-1.4114101260757603, 0.08900256182147778
-1.4104495539655446, 0.10311186022168432
-1.409347940425968, 0.11721084769364189
-1.4081053956156304, 0.1312981143738499
-1.4067220437859067, 0.14537225157085756
-1.4051980232685215, 0.1594318519061297
-1.4035334864617168, 0.1734755094547809
-1.4017285998150122, 0.18750181988616457
-1.3997835438125599, 0.20150938060430243
-1.3976985129550976, 0.21549679088814072
-1.3954737157404988, 0.22946265203161872
-1.3931093746429228, 0.24340556748353584
-1.390605726090569, 0.2573241429872033
-1.3879630204420337, 0.2712169867198663
-1.3851815219612749, 0.2850827094318829
-1.3822615087911871, 0.2989199245856452
-1.3792032729257877, 0.3127272484942301
-1.3760071201810178, 0.3265033004597641
-1.3726733701641614, 0.34024670291149
-1.3692023562418862, 0.35395608154352026
-1.3655944255069072, 0.36763006545226423
-1.3618499387432783, 0.38126728727351517
-1.3579692703903148, 0.39486638331918317
-1.3539528085051504, 0.4084259937136605
-1.3498009547239331, 0.42194476252980595
-1.3455141242216615, 0.4354213379245339
-1.3410927456706687, 0.4488543722739956
-1.3365372611977568, 0.46224252230833773
-1.331848126339985, 0.4755844492460265
-1.3270258099991163, 0.48887881892772206
-1.3220707943947292, 0.5021243019496913
-1.316983575015997, 0.515319573796745
-1.3117646605721398, 0.5284633149746857
-1.306414572941555, 0.5415542111422542
-1.3009338471196308, 0.5545909532425601
-1.295323031165248, 0.5675722376339846
-1.2895826861459754, 0.5804967662205407
-1.2837133860819643, 0.5933632465816804
-1.277715717888548, 0.6061703921015329
-1.2715902813175524, 0.6189169220975634
-1.2653376888973213, 0.6316015619486378
-1.2589585658714657, 0.6442230432224818
-1.2524535501363405, 0.6567801038025209
-1.2458232921772574, 0.669271488014089
-1.239068455003437, 0.6816959467499925
-1.23218971408171, 0.6940522375954182
-1.2251877572689718, 0.7063391249521717
-1.2180632847433996, 0.7185553801622335
-1.2108170089344354, 0.7306997816306228
-1.2034496544515445, 0.7427711149475528
-1.1959619580117573, 0.7547681730098693
-1.1883546683659991, 0.7666897561417582
-1.1806285462242168, 0.7785346722147093
-1.1727843641793094, 0.7903017367667269
-1.1648229066298716, 0.8019897731207728
-1.1567449697017556, 0.813597612502431
-1.1485513611684595, 0.8251240941567822
-1.1402429003703531, 0.8365680654644764
-1.1318204181327458, 0.8479283820569918
-1.1232847566828055, 0.8592039079310697
-1.1146367695653385, 0.8703935155623105
-1.1058773215574373, 0.8814960860179244
-1.0970072885820046, 0.8925105090686216
-1.0880275576201632, 0.9034356832996325
-1.0789390266225607, 0.9142705162208461
-1.0697426044195761, 0.9250139243760568
-1.0604392106304392, 0.9356648334513069
-1.051029775571271, 0.9462221783823155
-1.0415152401620544, 0.9566849034609821
-1.0318965558325446, 0.9670519624409551
-1.0221746844271284, 0.9773223186422536
-1.0123505981086425, 0.9874949450549325
-1.0024252792611588, 0.9975688244417815
-0.9923997203917496, 1.007542949440046
-0.9822749240312385, 1.017416322662161
-0.9720519026339501, 1.0271879567954871
-0.9617316784764675, 1.0368568747010394
-0.9513152835554062, 1.046422109511199
-0.9408037594842181, 1.055882704726397
-0.9301981573890322, 1.0652377143107632
-0.9194995378035448, 1.0744862027867261
-0.9087089705629683, 1.0836272453285587
-0.8978275346970512, 1.0926599278548588
-0.8868563183221772, 1.101583347119955
-0.8757964185325562, 1.1103966108042287
-0.8646489412905183, 1.1190988376033442
-0.8534150013159196, 1.1276891573163763
-0.8420957219746735, 1.1361667109328293
-0.8306922351664167, 1.1445306507185349
-0.8192056812113218, 1.1527801403004236
-0.8076372087360688, 1.1609143547501606
-0.7959879745589847, 1.168932480666636
-0.784259143574365, 1.1768337162573026
-0.7724518886359866, 1.1846172714183545
-0.7605673904398261, 1.1922823678137335
-0.7486068374059927, 1.1998282389529626
-0.7365714255598889, 1.2072541302677922
-0.7244623584126116, 1.2145592991876546
-0.7122808468406038, 1.2217430152139206
-0.7000281089645694, 1.2288045599929465
-0.687705370027665, 1.2357432273879077
-0.6753138622729783, 1.2425583235494109
-0.6628548248203069, 1.2492491669848773
-0.650329503542249, 1.2558150886266901
-0.6377391509396201, 1.2622554318990995
-0.6250850260162052, 1.2685695527838787
-0.6123683941528621, 1.2747568198847241
-0.5995905269809865, 1.2808166144903934
-0.5867527022553516, 1.2867483306365752
-0.5738562037263363, 1.2925513751664839
-0.5609023210115529, 1.2982251677901735
-0.5478923494668893, 1.3037691411425656
-0.5348275900569754, 1.3091827408401848
-0.5217093492250915, 1.314465425536595
-0.5085389387625258, 1.3196166669765332
-0.4953176756773994, 1.324635950048733
-0.4820468820629686, 1.3295227728374348
-0.4687278849654185, 1.3342766466725766
-0.4553620162511623, 1.3388970961786595
-0.4419506124736576, 1.3433836593222837
-0.4284950147397544, 1.3477358874583507
-0.414996568575588, 1.3519533453749275
-0.40145662379202945, 1.3560356113367655
-0.3878765343497082, 1.359982277127474
-0.3742576582236191, 1.3637929480903408
-0.3606013572673284, 1.3674672431677957
-0.34690899707679185, 1.3710047949395163
-0.33318194685379837, 1.3744052496591694
-0.31942157926905357, 1.377668267289784
-0.3056292703249158, 1.3807935215377538
-0.2918063992177997, 1.3837806998854676
-0.27795434820025955, 1.386629503622558
-0.2640745024427679, 1.3893396478757734
-0.2501682498952017, 1.3919108616374631
-0.23623698114805095, 1.3943428877926796
-0.2222820892933631, 1.3966354831448866
-0.20830496978543728, 1.3987884184402806
-0.1943070203012823, 1.4008014783907141
-0.1802896406008526, 1.4026744616952247
-0.16625423238707565, 1.4044071810601646
-0.1522021991656852, 1.4059994632179285
-0.13813494610487415, 1.4074511489442814
-0.12405387989478132, 1.4087620930742797
-0.10996040860682599, 1.4099321645167877
-0.09585594155290411, 1.4109612462675865
-0.0817418891444608, 1.4118492354210732
-0.06761966275145266, 1.4125960431805529
-0.05349067456121431, 1.4132015948671164
-0.039356337437243184, 1.4136658299271088
-0.025218064777916716, 1.4139887019381845
-0.011077270375156042, 1.4141701786139498
0.003064631726949662, 1.4142102418071907
0.017206227373544054, 1.4141088875116883
0.03134610244041559, 1.4138661258626186
0.045482842975406376, 1.4134819811355397
0.05961503533980389, 1.4129564917439639
0.0737412663497013, 1.4122897102355165
0.08786012341731228, 1.4114817032866815
0.10197019469222636, 1.4105325516961338
0.11607006920259033, 1.4094423503766598
0.13015833699620197, 1.408211208345666
0.14423358928150165, 1.4068392487142773
0.15829441856844817, 1.4053266086750276
0.17233941880926398, 1.4036734394881392
0.18636718553903667, 1.4018799064663976
0.20037631601616177, 1.3999461889586216
0.2143654093626135, 1.3978724803317277
0.2283330667040291, 1.3956589879513945
0.24227789130959268, 1.3933059331613264
0.2561984887317049, 1.39081355126112
0.2700934669454242, 1.3881820914827345
0.2839614364876657, 1.3854118169655691
0.2978010105961443, 1.38250300473015
0.31161080534804714, 1.3794559456504292
0.3253894397984228, 1.376270944424697
0.3391355361182718, 1.3729483195451138
0.35284771973232665, 1.369488403265861
0.3665246194565055, 1.3658915415699169
0.3801648676350274, 1.3621580941344593
0.39376710027717415, 1.3582884342948984
0.40732995719368637, 1.3542829490075443
0.42085208213277864, 1.3501420388109122
0.4343321229157615, 1.3458661177856697
0.44776873157225594, 1.3414556135132296
0.46116056447498704, 1.3369109670329935
0.4745062824741432, 1.3322326327982479
0.48780455103128806, 1.3274210786307208
0.5010540403528106, 1.3224767856738004
0.5142534255229018, 1.3174002483444218
0.527401386636042, 1.3121919742836272
0.5404966089289891, 1.3068524843058023
0.5535377829122511, 1.301382312346596
0.5665236045010317, 1.2957820054095297
0.5794527751456358, 1.2900521235112963
0.592324001961321, 1.2841932396257616
0.6051359978575831, 1.2782059396266672
0.6178874816668616, 1.272090822229045
0.6305771782726535, 1.2658484989293475
0.6432038187370216, 1.259479593944299
0.6557661404274854, 1.2529847441484765
0.6682628871432807, 1.246364599010623
0.6806928092409773, 1.2396198205287017
0.6930546637594394, 1.2327510831636996
0.7053472145441188, 1.225759073772182
0.7175692323706677, 1.2186444915376082
0.7297194950678577, 1.2114080479004157
0.7417967876397942, 1.2040504664868774
0.7537999023874122, 1.1965724830367415
0.7657276390292441, 1.1889748453296582
0.7775788048214444, 1.1812583131104049
0.7893522146770608, 1.1734236580129125
0.8010466912845409, 1.1654716634831044
0.8126610652254591, 1.1574031247005545
0.8241941750914566, 1.14921884849897
0.835644867600379, 1.1409196532855108
0.8470119977116013, 1.1325063689589512
0.8582944287405294, 1.1239798368266907
0.8694910324722659, 1.1153409095206268
0.8806006892744285, 1.1065904509118933
0.8916222882091103, 1.0977293360244758
0.9025547271439712, 1.0887584509477104
0.9133969128624482, 1.0796786927476782
0.9241477611730741, 1.0704909693775007
0.9348061970178942, 1.0611961995865458
0.9453711545799697, 1.0517953128285564
0.9558415773899559, 1.0422892491687068
0.9662164184317473, 1.0326789591895984
0.9764946402471762, 1.022965403896204
0.9866752150397561, 1.0131495546197695
0.9967571247774583, 1.0032323929206834
1.0067393612945132, 0.9932149104903236
1.0166209263922243, 0.98309810905189
1.026400831938785, 0.972883000260235
1.0360780999680896, 0.9625706056007007
1.045651762777528, 0.9521619562869728
1.0551208630247524, 0.9416580931579615
1.0644844538234106, 0.9310600665737206
1.0737415988378314, 0.9203689363104145
1.0828913723766551, 0.909585771454342
1.0919328594854019, 0.8987116502950317
1.100865156037964, 0.887747660217415
1.1096873688270166, 0.8766948975930902
1.1183986156533354, 0.8655544676706884
1.1269980254140155, 0.8543274844653518
1.135484738189579, 0.8430150706473338
1.1438579053299642, 0.8316183574297361
1.1521166895393897, 0.8201384844553894
1.160260264960081, 0.8085765996828921
1.1682878172548545, 0.7969338592718175
1.176198543688549, 0.7852114274671005
1.1839916532082975, 0.7734104764826163
1.1916663665226304, 0.7615321863839617
1.1992219161794022, 0.7495777449704516
1.206657546642536, 0.7375483476563419
1.2139725143675741, 0.7254451973512914
1.2211660878760309, 0.7132695043400734
1.228237547828539, 0.7010224861615506
1.2351861870967813, 0.688705367486924
1.2420113108342021, 0.6763193799972691
1.2487122365454904, 0.6638657622603706
1.2552882941548265, 0.651345759606869
1.2617388260728895, 0.6387606240057305
1.2680631872626134, 0.6261116139390531
1.2742607453036896, 0.6133999942762216
1.2803308804558076, 0.6006270361474241
1.2862729857206274, 0.5877940168165419
1.2920864669024772, 0.5749022195534265
1.297770742667772, 0.5619529335055752
1.3033252446031458, 0.5489474535692206
1.308749417272291, 0.5358870802598434
1.3140427182715009, 0.5227731195821245
1.3192046182839081, 0.5096068828993474
1.324234601132416, 0.4963896868022658
1.3291321638313145, 0.48312285297744717
1.3338968166365772, 0.46980770807510774
1.338528083094835, 0.45644558357645065
1.3430255000910198, 0.44303781566052136
1.3473886178946752, 0.42958574507059294
1.3516170002049286, 0.4160907169800949
1.3557102241941195, 0.4025540808580997
1.359667880550082, 0.3889771903343787
1.3634895735170738, 0.375361403064043
1.3671749209353528, 0.3617080805917809
1.37072355427939, 0.3480185882157072
1.3741351186947226, 0.3342942948508366
1.3774092730334377, 0.32053657289219584
1.3805456898882866, 0.30674679807758726
1.3835440556254246, 0.2929263493500187
1.3864040704157736, 0.2790766087198127
1.3891254482650046, 0.26519896112640884
1.3917079170421358, 0.25129479429987317
1.3941512185067457, 0.2373654986221288
1.396455108334796, 0.2234124669879211
1.3986193561430633, 0.20943709466553181
1.4006437455121772, 0.1954407791572556
1.4025280740082615, 0.1814249200596534
1.4042721532031777, 0.16739091892359623
1.4058758086933663, 0.15334017911411352
1.407338880117287, 0.13927410567006027
1.4086612211714553, 0.12519410516361656
1.4098426996250715, 0.11110158555963394
1.4108831973332439, 0.09699795607484236
1.4117826102488027, 0.08288462703693214
1.4125408484327049, 0.06876300974352462
1.4131578360630277, 0.05463451632104595
1.4136335114425504, 0.04050055958351806
1.4139678270049243, 0.026362552891280686
1.4141607493194288, 0.01222191000965892
1.414212259094315, -0.0019199550324097998
1.414122351178734, -0.016061628083775047
1.4138910345632525, -0.030201695012484982
1.413518332378954, -0.044338741847196016
1.413004281895125, -0.05847135491856642
1.412348934515529, -0.07259812100061969
1.4115523557732652, -0.08671762745206366
1.410614625324217, -0.10082846235755108
1.409535836939085, -0.11492921466886759
1.4083160984940102, -0.12901847434603309
1.4069555319597884, -0.14309483249830207
1.4054542733896715, -0.15715688152504936
1.4038124729057637, -0.17120321525652654
1.4020302946840086, -0.1852324290944754
1.4001079169377733, -0.19924312015258433
1.3980455319000262, -0.21323388739677332
1.3958433458041157, -0.22720333178529406
1.393501578863146, -0.24115005640863038
1.391020465247957, -0.25507266662918593
1.3884002530637072, -0.26896977022074425
1.385641204325065, -0.28283997750768813
1.3827435949300066, -0.2966819015039635
1.3797077146322279, -0.3104941580517747
1.3765338670121687, -0.32427536595999673
1.3732223694466572, -0.33802414714229084
1.369773553077171, -0.35173912675491004
1.3661877627767254, -0.3654189333341795
1.3624653571153862, -0.3790621989336401
1.3586067083244135, -0.3926675592608391
1.3546122022590406, -0.4062336538137564
1.3504822383598873, -0.41975912601685106
1.3462172296130193, -0.4332426233567156
1.341817602508649, -0.446682797517324
1.337283796998488, -0.4600783045148597
1.3326162664517531, -0.47342780483211094
1.3278154776098305, -0.48672996355241893
1.3228819105396024, -0.4999834504931661
1.3178160585854424, -0.5131869403387914
1.3126184283198818, -0.526339112773318
1.3072895394929533, -0.5394386526123822
1.3018299249802177, -0.5524842499347481
1.2962401307294773, -0.5654746002132967
1.2905207157061835, -0.5784084044454749
1.28467225183754, -0.5912843692831935
1.2786953239553132, -0.6041012071621579
1.2725905297373492, -0.6168576364306212
1.2663584796478082, -0.629552381477547
1.2599997968761196, -0.6421841728601667
1.2535151172746641, -0.6547517474309207
1.2469050892951907, -0.66725384846377
1.2401703739239724, -0.6796892257798659
1.2333116446157102, -0.6920566358725643
1.2263295872261883, -0.7043548420317738
1.2192248999436914, -0.7165826144676232
1.2119982932191862, -0.7287387304334376
1.2046504896952788, -0.74082197434801
1.1971822241339527, -0.7528311379171563
1.1895942433430942, -0.7647650202545415
1.1818873061018125, -0.7766224280017661
1.1740621830845652, -0.788402175447698
1.1661196567840912, -0.8001030846470413
1.1580605214331654, -0.8117239855381276
1.149885582925175, -0.8232637160599194
1.1415956587335343, -0.834721122268213
1.133191577829938, -0.8460950584510304
1.1246741806014668, -0.8573843872431874
1.1160443187665507, -0.8685879797400275
1.107302855289799, -0.8797047156103094
1.0984506642957061, -0.8907334832082369
1.0894886309812417, -0.9016731796846217
1.0804176515273327, -0.9125227110971645
1.0712386330092476, -0.9232809925198474
1.0619524933058913, -0.9339469481514231
1.052560161008019, -0.9445195114229927
1.0430625753253806, -0.9549976251046598
1.0334606859928008, -0.9653802414112508
1.023755453175209, -0.9756663221070909
1.0139478473716246, -0.9858548386098251
1.004038849318109, -0.9959447720932738
0.994029449889696, -1.0059351135893129
0.9839206500013055, -1.015824864088768
0.973713460507655, -1.0256130346413128
0.9634089021021766, -1.035298646454362
0.95300800521495, -1.0448807309909478
0.9425118099096623, -1.0543583300665709
0.9319213657796044, -1.0637304959450171
0.9212377318427136, -1.0729962914331288
0.9104619764356753, -1.0821547899745207
0.8995951771070915, -1.0912050757422347
0.8886384205097286, -1.1001462437303189
0.8775928022918553, -1.1089773998443269
0.8664594269876801, -1.1176976609907245
0.8552394079069005, -1.1263061551651976
0.8439338670233751, -1.1348020215398489
0.8325439348629294, -1.1431844105492805
0.8210707503903053, -1.1514524839755467
0.8095154608952676, -1.1596054150319746
0.7978792218778785, -1.1676423884458402
0.7861631969329498, -1.1755626005398945
0.7743685576336866, -1.1833652593127277
0.7624964834145331, -1.191049584517969
0.7505481614532317, -1.1986148077423078
0.7385247865521084, -1.2060601724823345
0.7264275610185957, -1.2133849342201881
0.7142576945450048, -1.2205883604980061
0.7020164040875588, -1.227669730991169
0.6897049137447012, -1.2346283375803304
0.6773244546346884, -1.2414634844222274
0.6648762647724809, -1.2481744880192633
0.6523615889459452, -1.2547606772878555
0.6397816785913782, -1.2612213936255423
0.6271377916683664, -1.267555990976841
0.6144311925339928, -1.273763835897853
0.6016631518164055, -1.279844307619605
0.5888349462877568, -1.2857967981101261
0.5759478587365299, -1.2916207121352477
0.563003177839263, -1.2973154673181266
0.5500021980316849, -1.3028804941974814
0.5369462193792748, -1.3083152362845363
0.5238365474472587, -1.313619150118669
0.5106744931700565, -1.3187917053217557
0.4974613727201917, -1.323832384651207
0.4841985073766772, -1.3287406840516913
0.470887223392891, -1.3335161127055393
0.4575288518639542, -1.3381581930818236
0.4441247285936245, -1.3426664609841117
0.4306761939607195, -1.3470404655968835
0.41718459278508196, -1.3512797695306127
0.4036512741931013, -1.3553839488655035
0.39007759148280435, -1.359352593193883
0.3764649019885287, -1.3631853056612397
0.362814566945193, -1.3668817030059084
0.34912795135217645, -1.3704414155973954
0.33540642383682273, -1.3738640874733405
0.3216513565175804, -1.3771493763751126
0.30786412486679465, -1.3802969537820344
0.2940461075731633, -1.3833065049442341
0.2801986864038715, -1.3861777289141195
0.26632324606641855, -1.3889103385764712
0.2524211740701504, -1.391504060677154
0.23849386058751243, -1.3939586358504423
0.22454269831503543, -1.396273818644955
0.21056908233406965, -1.3984493775482008
0.19657440997128, -1.4004850950097274
0.18256008065891696, -1.4023807674628783
0.16852749579487683, -1.4041362053451474
0.15447805860256542, -1.4057512331171347
0.14041317399057923, -1.4072256892801005
0.12633424841221816, -1.4085594263921144
0.11224268972484358, -1.4097523110827996
0.09813990704909624, -1.4108042240666694
0.0840273106279876, -1.411715060155055
0.0699063116858792, -1.4124847282666244
0.055778322287363624, -1.4131131514364907
0.04164475519606163, -1.4136002668239078
0.027507023733349317, -1.4139460257185548
0.013366541637029508, -1.4141503935454067
-0.0007752770800384858, -1.4142133498681917
-0.014917018271336619, -1.4141348883914349
-0.02905726779809923, -1.4139150169610877
-0.04319461167072339, -1.4135537575637436
-0.0573276361901643, -1.4130511463244393
-0.0714549280893017, -1.412407233503042
-0.08557507467426304, -1.4116220834892241
-0.09968666396568927, -1.4106957747960245
-0.11378828483992938, -1.4096284000519965
-0.12787852717014908, -1.4084200659919461
-0.1419559819673401, -1.4070708934462588
-0.15601924152121546, -1.4055810173288161
-0.17006689954097706, -1.4039505866235051
-0.1840975512959412, -1.4021797643693208
-0.19810979375600807, -1.400268727644061
-0.21210222573196147, -1.3982176675466214
-0.22607344801558396, -1.3960267891778837
-0.2400220635195744, -1.393696311620208
-0.253946677417253, -1.391226467915524
-0.2678458972820408, -1.3886175050420277
-0.2817183332266983, -1.3858696838894842
-0.2955625980423114, -1.3829832792331394
-0.3093773073370083, -1.3799585797062428
-0.3231610796743954, -1.3767958877711859
-0.3369125367116976, -1.3734955196892555
-0.3506303033375889, -1.3700578054890091
-0.3643130078097003, -1.3664830889332726
-0.37795928189179046, -1.3627717274847653
-0.391567760990566, -1.3589240922703536
-0.40513708429213746, -1.3549405680439401
-0.4186658948980971, -1.350821553147989
-0.4321528399612055, -1.3465674594736925
-0.4455965708206729, -1.3421787124197833
-0.45899574313702174, -1.3376557508499949
-0.47234901702651755, -1.3329990270491774
-0.4856550571951537, -1.3282090066780692
-0.4989125330721777, -1.3232861687267325
-0.5121201189431446, -1.318231005466656
-0.5252764940824854, -1.3130440224015278
-0.5383803428855766, -1.3077257382166876
-0.5514303550002964, -1.3022766847272582
-0.5644252254580574, -1.2966974068249664
-0.5773636548043005, -1.2909884624236547
-0.5902443492284363, -1.285150422403491
-0.6030660206932231, -1.279183870553883
-0.615827387063568, -1.273089403515099
-0.6285271722347365, -1.2668676307186075
-0.6411641062599602, -1.2605191743261341
-0.6537369254774281, -1.2540446691674474
-0.6662443726366497, -1.247444762676877
-0.6786851970241768, -1.240720114828573
-0.6910581545886723, -1.2338713980705087
-0.703362008065311, -1.2268992972572388
-0.7155955270995042, -1.2198045095814147
-0.7277574883699316, -1.2125877445040676
-0.7398466757108703, -1.2052497236836637
-0.7518618802338082, -1.1977911809039403
-0.7638019004483305, -1.1902128620005297
-0.775665542382265, -1.1825155247863768
-0.7874516197010767, -1.17469993897596
-0.799158953826498, -1.166766886108322
-0.8107863740543841, -1.1587171594689176
-0.8223327176717802, -1.1505515640102868
-0.8337968300731894, -1.1422709162715619
-0.8451775648760312, -1.1338760442968157
-0.8564737840352765, -1.1253677875522592
-0.8676843579572493, -1.1167469968422967
-0.878808165612583, -1.1080145342244476
-0.8898440946483209, -1.099171272923143
-0.9007910414991486, -1.0902180972424058
-0.9116479114977476, -1.0811559024774213
-0.9224136189842597, -1.0719855948250112
-0.9330870874148497, -1.0627080912930158
-0.9436672494693576, -1.0533243196085949
-0.9541530471580278, -1.043835218125458
-0.9645434319273053, -1.0342417357300313
-0.9748373647646883, -1.0245448317465715
-0.9850338163026273, -1.014745475841235
-0.995131766921459, -1.0048446479251147
-1.005130206851366, -0.9948433380562506
-1.0150281362733504, -0.984742546340627
-1.0248245654192143, -0.9745432828321642
-1.0345185146705336, -0.9642465674317154
-1.0441090146566177, -0.9538534297850797
-1.0535951063514433, -0.9433649091800395
-1.0629758411695556, -0.9327820544424346
-1.072250281060924, -0.9221059238312822
-1.0814174986047451, -0.9113375849329539
-1.0904765771021818, -0.9004781145544194
-1.0994266106680317, -0.8895285986155683
-1.1082667043213126, -0.8784901320406217
-1.1169959740747588, -0.8673638186486413
-1.1256135470232178, -0.8561507710431515
-1.134118561430938, -0.8448521105008808
-1.1425101668177404, -0.8334689668596375
-1.1507875240440653, -0.8220024784053285
-1.1589498053948823, -0.8104537917581338
-1.166996194662462, -0.798824061757847
-1.1749258872279933, -0.7871144513483948
-1.182738090142043, -0.7753261314615446
-1.1904320222038498, -0.7634602808998152
-1.1980069140394418, -0.7515180862185988
-1.2054620081785723, -0.7395007416075089
-1.2127965591304646, -0.7274094487709637
-1.2200098334583596, -0.7152454168080197
-1.2271011098528568, -0.7030098620914637
-1.2340696792040449, -0.6907040081461793
-1.2409148446724096, -0.678329085526797
-1.2476359217585167, -0.6658863316946425
-1.25423223837146, -0.6533769908939926
-1.2607031348960682, -0.640802314027655
-1.267047964258866, -0.6281635585318803
-1.2732660919927783, -0.6154619882506221
-1.279356896300577, -0.6026988733091554
-1.285319768117058, -0.5898754899870673
-1.2911541111699465, -0.5769931205906323
-1.2968593420395225, -0.564053053324585
-1.3024348902169618, -0.5510565821633026
-1.3078801981613852, -0.5380050067214109
-1.3131947213556112, -0.524899632123826
-1.3183779283606065, -0.5117417688752449
-1.3234293008686282, -0.4985327327290988
-1.3283483337550535, -0.48527384455598044
-1.333134535128891, -0.47196643021156076
-1.3377874263819687, -0.45861182040400644
-1.342306542236793, -0.44521135056091266
-1.3466914307930764, -0.43176636069576335
-1.3509416535729248, -0.41827819527393334
-1.3550567855646856, -0.4047482030782453
-1.3590364152654473, -0.39117773707409464
-1.3628801447221885, -0.37756815427415646
-1.3665875895715727, -0.3639208156026877
-1.3701583790783831, -0.35023708575943796
-1.3735921561725961, -0.3365183330831831
-1.3768885774850865, -0.3227659294148947
-1.3800473133819637, -0.3089812499605594
-1.3830680479975348, -0.29516567315366193
-1.3859504792658897, -0.2813205805173448
